############################################################################
# Occupancy Transition Matrices for Pattern 7                              
#                                                                          
# note: contains three 48x3 matrices                                       
#       rows   = time-bin 1 to 48                                          
#		         (each time-bin = 30 minutes)                              
#       column = cumulative percentage of probability for next state       
#				 column 1 = next state = 1 (="at home and awake")          
#				 column 2 = next state = 2 (="sleeping")                   
#				 column 3 = next state = 3 (="absent")                     
#		example  														   
#       If State 2 (="sleeping") ended during time-bin 7 (between 7AM and  
#                 7:30AM)  the probability that the next state will be     
#                  - State 1 (="at home and awake") is 100.00%			   
#				   - State 3 (="absent") is 0.00%						   
############################################################################

# Current State = 1 ("at home and awake")
0.000000 1.000000 1.000000
0.000000 0.900000 1.000000
0.000000 1.000000 1.000000
0.000000 1.000000 1.000000
0.000000 0.750000 1.000000
0.000000 0.866667 1.000000
0.000000 0.636364 1.000000
0.000000 0.235294 1.000000
0.000000 0.066667 1.000000
0.000000 0.078947 1.000000
0.000000 0.047244 1.000000
0.000000 0.026316 1.000000
0.000000 0.019512 1.000000
0.000000 0.005464 1.000000
0.000000 0.006667 1.000000
0.000000 0.015267 1.000000
0.000000 0.028169 1.000000
0.000000 0.068182 1.000000
0.000000 0.105882 1.000000
0.000000 0.079439 1.000000
0.000000 0.056075 1.000000
0.000000 0.026786 1.000000
0.000000 0.057143 1.000000
0.000000 0.100000 1.000000
0.000000 0.043011 1.000000
0.000000 0.017544 1.000000
0.000000 0.029412 1.000000
0.000000 0.000000 1.000000
0.000000 0.033898 1.000000
0.000000 0.074074 1.000000
0.000000 0.063830 1.000000
0.000000 0.109091 1.000000
0.000000 0.276596 1.000000
0.000000 0.439024 1.000000
0.000000 0.824074 1.000000
0.000000 0.906542 1.000000
0.000000 0.959514 1.000000
0.000000 0.971014 1.000000
0.000000 0.994186 1.000000
0.000000 0.993464 1.000000
0.000000 0.983193 1.000000
0.000000 0.985714 1.000000
0.000000 0.958333 1.000000
0.000000 1.000000 1.000000
0.000000 1.000000 1.000000
0.000000 1.000000 1.000000
0.000000 1.000000 1.000000
0.000000 0.666667 1.000000

# Current State = 2 ("sleeping")
1.000000 1.000000 1.000000
1.000000 1.000000 1.000000
1.000000 1.000000 1.000000
0.916667 0.916667 1.000000
1.000000 1.000000 1.000000
1.000000 1.000000 1.000000
1.000000 1.000000 1.000000
1.000000 1.000000 1.000000
0.995025 0.995025 1.000000
0.994475 0.994475 1.000000
0.992593 0.992593 1.000000
0.992754 0.992754 1.000000
0.993590 0.993590 1.000000
1.000000 1.000000 1.000000
1.000000 1.000000 1.000000
1.000000 1.000000 1.000000
0.968750 0.968750 1.000000
1.000000 1.000000 1.000000
0.969697 0.969697 1.000000
0.909091 0.909091 1.000000
0.685714 0.685714 1.000000
0.642857 0.642857 1.000000
0.733333 0.733333 1.000000
0.700000 0.700000 1.000000
0.909091 0.909091 1.000000
1.000000 1.000000 1.000000
1.000000 1.000000 1.000000
1.000000 1.000000 1.000000
1.000000 1.000000 1.000000
1.000000 1.000000 1.000000
1.000000 1.000000 1.000000
1.000000 1.000000 1.000000
1.000000 1.000000 1.000000
1.000000 1.000000 1.000000
1.000000 1.000000 1.000000
1.000000 1.000000 1.000000
1.000000 1.000000 1.000000
1.000000 1.000000 1.000000
1.000000 1.000000 1.000000
1.000000 1.000000 1.000000
1.000000 1.000000 1.000000
0.500000 0.500000 1.000000
1.000000 1.000000 1.000000
1.000000 1.000000 1.000000
1.000000 1.000000 1.000000
1.000000 1.000000 1.000000
1.000000 1.000000 1.000000
1.000000 1.000000 1.000000

# Current State = 3 ("absent")
1.000000 1.000000 1.000000
0.625000 1.000000 1.000000
0.200000 1.000000 1.000000
0.666667 1.000000 1.000000
0.750000 1.000000 1.000000
0.333333 1.000000 1.000000
0.333333 1.000000 1.000000
1.000000 1.000000 1.000000
1.000000 1.000000 1.000000
1.000000 1.000000 1.000000
1.000000 1.000000 1.000000
1.000000 1.000000 1.000000
1.000000 1.000000 1.000000
1.000000 1.000000 1.000000
1.000000 1.000000 1.000000
1.000000 1.000000 1.000000
1.000000 1.000000 1.000000
0.983871 1.000000 1.000000
0.989583 1.000000 1.000000
1.000000 1.000000 1.000000
0.928571 1.000000 1.000000
0.954545 1.000000 1.000000
0.969072 1.000000 1.000000
1.000000 1.000000 1.000000
0.993007 1.000000 1.000000
1.000000 1.000000 1.000000
0.994898 1.000000 1.000000
1.000000 1.000000 1.000000
1.000000 1.000000 1.000000
0.992481 1.000000 1.000000
1.000000 1.000000 1.000000
1.000000 1.000000 1.000000
1.000000 1.000000 1.000000
0.982759 1.000000 1.000000
0.988235 1.000000 1.000000
0.964286 1.000000 1.000000
0.982143 1.000000 1.000000
0.969697 1.000000 1.000000
0.848485 1.000000 1.000000
0.947368 1.000000 1.000000
0.947368 1.000000 1.000000
0.777778 1.000000 1.000000
0.583333 1.000000 1.000000
0.666667 1.000000 1.000000
0.000000 1.000000 1.000000
1.000000 1.000000 1.000000
1.000000 1.000000 1.000000
1.000000 1.000000 1.000000
