# the different columns denote the different activities
# ie. using pc (1), preparing food (2), vacuum cleaning (3), ironing (4), watching tv (5),
# listening audio (6), doing the dishes (7), washing laundry (8), drying laundry (9) and 
# taking shower or bath (10).

0 0 0 0 0.00053079 0 0 0 0 0
0 0 0 0 0 0.00053079 0 0 0 0
0 0 0 0 0.00053079 0 0 0 0 0.0015924
0 0 0 0 0.0010616 0.0010616 0 0 0 0.00053079
0 0.0015924 0 0 0 0.0021231 0 0 0 0.0015924
0 0.00053079 0 0 0.0021231 0.0015924 0 0 0 0.0026539
0.00053079 0.0026539 0 0.00053079 0.0015924 0.0037155 0 0 0 0.0058386
0.00053079 0.0031847 0 0 0.0010616 0.0042463 0.00053079 0 0 0.0047771
0.00053079 0.0058386 0 0 0.0042463 0.0095541 0.0021231 0.00053079 0 0.012208
0.0021231 0.0079618 0.00053079 0 0.0031847 0.007431 0.0015924 0.00053079 0 0.010085
0.0031847 0.0058386 0 0 0.0053079 0.011146 0.0047771 0 0 0.017516
0.0037155 0.0053079 0.00053079 0.0021231 0.007431 0.007431 0.0026539 0.0010616 0.00053079 0.015393
0.0084926 0.0084926 0 0.0010616 0.0095541 0.014331 0.0047771 0.00053079 0.00053079 0.02707
0.0079618 0.0079618 0.00053079 0.00053079 0.0079618 0.011146 0.0047771 0.0015924 0 0.01327
0.01327 0.0069002 0.0021231 0.0021231 0.010085 0.014862 0.0047771 0.0026539 0.00053079 0.019108
0.0095541 0.015393 0.0015924 0.0021231 0.012739 0.0058386 0.0042463 0.0021231 0.00053079 0.015924
0.011146 0.017516 0.0015924 0.0026539 0.02017 0.0095541 0.0037155 0.0010616 0 0.011677
0.0084926 0.011677 0 0.0010616 0.025478 0.0084926 0.012208 0.0037155 0.00053079 0.0095541
0.012739 0.011677 0.0010616 0.0031847 0.041932 0.011146 0.007431 0.0015924 0.00053079 0.010085
0.014331 0.0031847 0.0015924 0.0015924 0.012208 0.0084926 0.014331 0.0021231 0 0.0058386
0.0084926 0.0042463 0.00053079 0.0021231 0.016454 0.0063694 0.0042463 0.00053079 0.0010616 0.007431
0.0053079 0.0047771 0.00053079 0 0.014331 0.0042463 0.0026539 0 0 0.0037155
0.0063694 0.0042463 0.00053079 0.0010616 0.014331 0.0037155 0.0015924 0.0021231 0.00053079 0.0079618
0.0037155 0.0069002 0.00053079 0.0010616 0.011677 0.0015924 0.00053079 0 0 0.0031847
0.0090234 0.0047771 0.00053079 0.0026539 0.012208 0.0031847 0.0010616 0.00053079 0.00053079 0.0084926
0.0053079 0.0042463 0.00053079 0.0010616 0.0095541 0.0026539 0.0015924 0.0010616 0 0.0090234
0.007431 0.0063694 0.0010616 0.00053079 0.015924 0.0047771 0.0031847 0 0.00053079 0.010616
0.0042463 0.0047771 0.0010616 0.0015924 0.014862 0.0031847 0.0047771 0.0010616 0 0.011146
0.0042463 0.010616 0.00053079 0 0.020701 0.0047771 0.0021231 0.00053079 0.00053079 0.012739
0.0042463 0.0084926 0 0.0010616 0.015393 0.0015924 0.0042463 0.0010616 0 0.0084926
0.0015924 0.0047771 0 0.0026539 0.024947 0.00053079 0.0031847 0 0 0.0063694
0.0053079 0.0047771 0 0.0010616 0.012208 0.0010616 0.0047771 0 0 0.0047771
0.0026539 0.0047771 0 0.00053079 0.011146 0.00053079 0.0021231 0.00053079 0 0.0053079
0.0037155 0.00053079 0.00053079 0.00053079 0.0090234 0 0.0010616 0 0 0.0026539
0 0.0021231 0.00053079 0 0.010616 0 0 0 0 0.0026539
0 0 0 0 0.0058386 0.00053079 0.00053079 0 0 0.0010616
0.0026539 0 0 0 0.0053079 0.00053079 0.00053079 0.00053079 0 0
0.00053079 0 0 0.00053079 0.0053079 0.00053079 0.0010616 0 0 0.0021231
0.0026539 0.00053079 0 0 0.0031847 0.0010616 0 0 0 0.00053079
0 0.0010616 0 0.00053079 0.0063694 0 0.00053079 0.00053079 0.00053079 0.0015924
0.0026539 0 0 0 0.007431 0.00053079 0 0 0 0
0.0015924 0 0 0 0.0015924 0 0 0 0 0.0015924
0.00053079 0 0 0 0.0058386 0 0.00053079 0 0 0.00053079
0.0010616 0 0 0 0.0031847 0.00053079 0 0 0 0.0021231
0.0010616 0 0 0 0.0053079 0.00053079 0 0 0.00053079 0.0031847
0 0 0 0 0.0037155 0 0 0 0 0.0010616
0.00053079 0.00053079 0 0 0.0037155 0.00053079 0 0 0 0.0015924
0 0 0 0 0.00053079 0 0 0 0 0.00053079
