# the different columns denote the different activities
# ie. using pc (1), preparing food (2), vacuum cleaning (3), ironing (4), watching tv (5),
# listening audio (6), doing the dishes (7), washing laundry (8), drying laundry (9) and 
# taking shower or bath (10).

0 0 0 0 0 0.00014337 0 0 0 0
0 0 0 0 0.00043011 0.00043011 0 0 0.00028674 0.00043011
0 0.00071685 0 0 0.00014337 0.0015771 0 0 0 0.00071685
0.00043011 0.0018638 0 0.00014337 0.00014337 0.0024373 0 0.00014337 0 0.0045878
0 0.009319 0 0.00043011 0.0022939 0.01491 0.00086022 0 0.00014337 0.021362
0.00028674 0.017921 0.00014337 0.0010036 0.0043011 0.023656 0.0012903 0.00014337 0.00043011 0.038566
0.0017204 0.020502 0 0.00086022 0.0071685 0.034265 0.0045878 0.00086022 0.00028674 0.043871
0.0014337 0.01448 0.00014337 0.001147 0.0071685 0.017921 0.0037276 0.0012903 0.00028674 0.029964
0.0024373 0.0086022 0.00057348 0.0010036 0.0032975 0.014194 0.0032975 0.001147 0.00014337 0.018208
0.0012903 0.0053047 0.00014337 0.0010036 0.0014337 0.0074552 0.0035842 0.0015771 0.00043011 0.012186
0.0012903 0.0032975 0.00043011 0.0015771 0.0020072 0.0048746 0.0021505 0.00043011 0.00014337 0.0088889
0.00071685 0.0020072 0.00071685 0.0015771 0.0014337 0.0025806 0.0012903 0.00043011 0.00014337 0.0037276
0.001147 0.0017204 0.00014337 0.00086022 0.0010036 0.0031541 0.0010036 0.00057348 0 0.002724
0.00086022 0.0010036 0.00014337 0.00071685 0.00071685 0.00086022 0.00043011 0.00014337 0 0.0010036
0.00057348 0.0014337 0 0.00043011 0.0014337 0.00086022 0.00028674 0.00028674 0.00014337 0.0015771
0 0.0028674 0 0.00014337 0.00043011 0.00043011 0.00028674 0 0 0.00071685
0.00014337 0.0037276 0 0.00057348 0.0014337 0.0022939 0.00043011 0.00043011 0 0.00028674
0.00071685 0.003871 0.00014337 0.00028674 0.0032975 0.001147 0.0014337 0.00028674 0 0.00028674
0.001147 0.0014337 0.00028674 0.00028674 0.0047312 0.0022939 0.0017204 0.00086022 0.00014337 0
0.00057348 0.00086022 0.00014337 0.00028674 0.0017204 0.00071685 0.0014337 0.00028674 0 0.00043011
0.00086022 0.0012903 0.00014337 0.00057348 0.00071685 0.001147 0.00086022 0.00014337 0.00014337 0.00071685
0.00086022 0.00043011 0.00014337 0.00014337 0.0014337 0.0010036 0.00043011 0.00043011 0 0.00071685
0.00071685 0.0010036 0.00028674 0.00086022 0.0020072 0.00086022 0.0010036 0.00043011 0 0.00028674
0.0025806 0.0012903 0.00028674 0.00043011 0.0020072 0.00071685 0.00057348 0.00028674 0 0.0012903
0.0021505 0.002724 0.00028674 0.00071685 0.005448 0.0021505 0.00043011 0.00014337 0 0.0012903
0.0041577 0.003871 0.00057348 0.00071685 0.0063082 0.0032975 0.00086022 0.00071685 0.00028674 0.00086022
0.0060215 0.01276 0.00086022 0.0024373 0.011756 0.0063082 0.0012903 0.001147 0.00014337 0.0035842
0.0057348 0.019068 0.0010036 0.0017204 0.014337 0.0063082 0.0047312 0.0014337 0.00086022 0.0037276
0.0088889 0.02853 0.00043011 0.0030108 0.02724 0.0077419 0.0074552 0.0018638 0.00043011 0.0050179
0.0083154 0.022652 0.0014337 0.0032975 0.029821 0.0063082 0.01362 0.0018638 0.00014337 0.0067384
0.010753 0.024803 0.00057348 0.0025806 0.06638 0.0097491 0.018351 0.0017204 0.00028674 0.0063082
0.0091756 0.016344 0.00057348 0.0032975 0.057778 0.0070251 0.018781 0.0018638 0.00014337 0.010323
0.010896 0.01276 0.00071685 0.0041577 0.074265 0.006595 0.01362 0.0032975 0.00028674 0.014624
0.011756 0.0063082 0.00043011 0.0028674 0.063513 0.0028674 0.010896 0.0021505 0.00071685 0.010896
0.010609 0.0035842 0.00057348 0.0041577 0.066953 0.0022939 0.0055914 0.0031541 0.001147 0.0096057
0.0071685 0.0028674 0.00014337 0.0021505 0.038136 0.0032975 0.0043011 0.0014337 0.00086022 0.0077419
0.0037276 0.0021505 0 0.0018638 0.035269 0.0028674 0.0020072 0.0021505 0.00043011 0.01147
0.0041577 0.0012903 0 0.00043011 0.017204 0.0021505 0.0021505 0.0014337 0.00057348 0.0097491
0.0020072 0.001147 0 0.00043011 0.013907 0.0022939 0.00057348 0.001147 0.00043011 0.0070251
0.001147 0.00028674 0 0 0.0035842 0.00086022 0.0010036 0.00043011 0 0.0035842
0.00071685 0.00014337 0 0.00014337 0.0024373 0.00043011 0.00014337 0 0.00028674 0.0018638
0.00028674 0.00014337 0 0 0.0010036 0.00014337 0 0.00014337 0 0.00014337
0 0.00028674 0 0 0.00043011 0 0 0 0 0.00014337
0 0 0 0 0.00028674 0 0 0 0 0.00014337
0 0 0 0 0.00028674 0 0 0 0 0
0 0 0 0 0.00028674 0 0 0 0 0
0 0 0 0 0 0.00028674 0 0 0 0.00014337
0 0.00014337 0 0 0 0 0 0 0 0
