# the different columns denote the different activities
# ie. using pc (1), preparing food (2), vacuum cleaning (3), ironing (4), watching tv (5),
# listening audio (6), doing the dishes (7), washing laundry (8), drying laundry (9) and 
# taking shower or bath (10).

0 0.00019168 0 0 0.00038336 0.00038336 0 0.00019168 0 0
0.00019168 0.00019168 0 0 0.00038336 0.00057504 0 0 0 0
0.00019168 0.0011501 0 0 0.00057504 0.00076672 0.00019168 0.00019168 0 0.00095841
0.00076672 0.0013418 0 0 0.00095841 0.0015334 0.00019168 0.00019168 0 0.0011501
0.00038336 0.0051754 0 0.00019168 0.00038336 0.0046003 0.00057504 0.00057504 0.00019168 0.0036419
0.00038336 0.0095841 0 0.00038336 0.0017251 0.0078589 0.0017251 0 0.00038336 0.0082423
0.00038336 0.016676 0.00019168 0.0011501 0.0026835 0.02166 0.0023002 0.00057504 0.00038336 0.017443
0.0021085 0.02281 0.00019168 0.0011501 0.0040253 0.018976 0.0059421 0.0019168 0.00019168 0.018976
0.0030669 0.027794 0.0015334 0.0021085 0.0072839 0.026644 0.0093924 0.0034503 0.00019168 0.025302
0.0032586 0.021277 0.0023002 0.0015334 0.0065172 0.019935 0.013993 0.0044087 0.0023002 0.022235
0.0065172 0.014568 0.0040253 0.0055588 0.0099674 0.02626 0.01591 0.0067088 0.0013418 0.023768
0.0040253 0.01591 0.0055588 0.0055588 0.0070922 0.014568 0.0097757 0.0057504 0.0017251 0.011693
0.0074756 0.021085 0.004217 0.0076672 0.0092007 0.018785 0.0074756 0.0080506 0.0013418 0.011501
0.0070922 0.019168 0.0036419 0.0049837 0.0092007 0.010542 0.0080506 0.0046003 0.0015334 0.0046003
0.0063255 0.047729 0.0053671 0.0055588 0.012651 0.013226 0.0049837 0.0038336 0.0021085 0.004792
0.0072839 0.04332 0.0028752 0.0034503 0.010542 0.0078589 0.0044087 0.0023002 0.0011501 0.0038336
0.0046003 0.035078 0.0019168 0.0026835 0.026069 0.012459 0.010159 0.0024919 0.0011501 0.0017251
0.0057504 0.019743 0.00038336 0.0021085 0.036419 0.010926 0.036228 0.0013418 0.00038336 0.0015334
0.004217 0.013226 0.0015334 0.0049837 0.069772 0.012651 0.027027 0.0015334 0.0011501 0.0017251
0.0067088 0.010351 0.00057504 0.0055588 0.020318 0.009009 0.023002 0.0024919 0.00057504 0.0011501
0.0067088 0.010926 0.0015334 0.0078589 0.02166 0.0059421 0.011693 0.0024919 0.0011501 0.00095841
0.0053671 0.0065172 0.0023002 0.0055588 0.017635 0.0059421 0.0059421 0.0024919 0.00095841 0.0017251
0.008434 0.0078589 0.0011501 0.0051754 0.023577 0.0072839 0.0040253 0.0017251 0.0011501 0.0021085
0.0046003 0.010159 0.00076672 0.0036419 0.01591 0.0051754 0.0026835 0.0013418 0.0011501 0.0011501
0.0082423 0.014759 0.0017251 0.008434 0.02166 0.0078589 0.0049837 0.0017251 0.00057504 0.0023002
0.0065172 0.013034 0.00038336 0.0030669 0.016101 0.0055588 0.0055588 0.00095841 0.00057504 0.0032586
0.0072839 0.028752 0.0013418 0.0057504 0.025494 0.0099674 0.0055588 0.0011501 0.00076672 0.0044087
0.0053671 0.032969 0.00057504 0.0024919 0.01936 0.0067088 0.0065172 0.00038336 0.00019168 0.0038336
0.0049837 0.037953 0.0015334 0.0017251 0.045237 0.0097757 0.013226 0.00076672 0.00095841 0.0024919
0.0049837 0.02166 0.00076672 0.0021085 0.047154 0.0032586 0.022427 0.0011501 0.00095841 0.0053671
0.0053671 0.01706 0.00038336 0.0021085 0.094882 0.0069005 0.016676 0.00095841 0.00095841 0.0080506
0.0074756 0.0092007 0.00019168 0.0017251 0.057313 0.0049837 0.019168 0.00095841 0.00038336 0.0061338
0.0080506 0.0080506 0.00076672 0.0034503 0.078589 0.004217 0.012651 0.0015334 0.00076672 0.0099674
0.0046003 0.004217 0.00076672 0.0017251 0.051562 0.0013418 0.0078589 0.00095841 0.00095841 0.0076672
0.0072839 0.0040253 0 0.0011501 0.056163 0.0023002 0.0046003 0.00076672 0.00095841 0.0053671
0.0021085 0.0017251 0 0.00019168 0.029136 0.0015334 0.0015334 0.0015334 0.00038336 0.0051754
0.0053671 0.0019168 0 0.00076672 0.029136 0.0023002 0.0019168 0.0021085 0.00076672 0.004217
0.0032586 0.0015334 0 0.00019168 0.01706 0.0015334 0.00095841 0.0013418 0.00057504 0.0067088
0.0028752 0.0023002 0 0.00019168 0.014568 0.0015334 0.00076672 0.00019168 0 0.004792
0.0019168 0.00038336 0 0.00057504 0.0040253 0.00076672 0.00057504 0.0011501 0.00019168 0.0024919
0.00076672 0.00019168 0 0.00019168 0.0057504 0.00095841 0.0011501 0.00038336 0.00057504 0.0021085
0.00057504 0.00076672 0 0 0.0024919 0.00019168 0.00038336 0 0.00019168 0.00057504
0.00038336 0.00038336 0 0 0.0024919 0.00095841 0.00019168 0.00038336 0 0.00076672
0 0 0 0 0.00057504 0 0.00019168 0 0 0.00019168
0.00019168 0 0 0 0.00076672 0 0 0.00019168 0 0.00057504
0.00019168 0.00019168 0 0 0.00057504 0.00019168 0.00038336 0 0 0
0 0 0 0 0.00038336 0.00038336 0.00038336 0 0 0.00019168
0 0 0 0 0 0 0 0 0 0.00019168
