# the different columns denote the different activities
# ie. using pc (1), preparing food (2), vacuum cleaning (3), ironing (4), watching tv (5),
# listening audio (6), doing the dishes (7), washing laundry (8), drying laundry (9) and 
# taking shower or bath (10).

0 0 0 0 0 0.00035386 0 0 0 0.00035386
0 0 0 0 0.00035386 0 0 0 0 0
0 0 0 0 0.00035386 0.00070771 0 0 0 0.00035386
0 0 0 0 0 0 0 0 0 0
0 0.00070771 0 0.00035386 0 0.00070771 0.00035386 0 0 0.0021231
0 0.004954 0 0 0 0.0063694 0.00035386 0 0.00035386 0.0084926
0.00070771 0.0095541 0 0.0010616 0.0031847 0.016985 0 0.00035386 0 0.018047
0.0014154 0.013447 0 0.00070771 0.0031847 0.020524 0.0028309 0.0014154 0.00035386 0.022647
0.0031847 0.014508 0.00070771 0.0010616 0.004954 0.023355 0.004954 0.00070771 0 0.031847
0.0053079 0.014862 0.00070771 0.002477 0.0035386 0.018401 0.0088464 0.002477 0.00035386 0.023001
0.002477 0.011677 0.0017693 0.0046001 0.0095541 0.022293 0.007431 0.0028309 0.00070771 0.026893
0.002477 0.0046001 0.002477 0.0031847 0.0067233 0.0081387 0.0053079 0.0017693 0 0.020878
0.0056617 0.0088464 0.0014154 0.0021231 0.0084926 0.013447 0.0031847 0.002477 0.0010616 0.013093
0.0042463 0.0063694 0.002477 0.0038924 0.0067233 0.0095541 0.0053079 0.002477 0 0.0095541
0.0046001 0.014862 0.0014154 0.0031847 0.0095541 0.0077849 0.0035386 0.0017693 0.00035386 0.0095541
0.002477 0.028309 0.00070771 0.0028309 0.0063694 0.0077849 0.002477 0.0014154 0.00035386 0.0067233
0.0042463 0.018401 0.0014154 0.002477 0.013093 0.009908 0.0060156 0.0017693 0.00070771 0.0056617
0.0042463 0.012385 0.00070771 0.00035386 0.014862 0.0070771 0.019462 0.00070771 0 0.0017693
0.0035386 0.007431 0.00035386 0.0010616 0.027955 0.0070771 0.011677 0.0021231 0.00035386 0.0021231
0.0021231 0.0021231 0.00070771 0.0010616 0.0042463 0.0046001 0.011323 0.00035386 0.00035386 0.0021231
0.002477 0.0028309 0.0010616 0.0017693 0.0060156 0.002477 0.0035386 0.0010616 0.00035386 0.0028309
0.0021231 0.0010616 0.0010616 0.00070771 0.0038924 0.0017693 0.0014154 0 0 0.0021231
0.002477 0.002477 0 0.0017693 0.0035386 0.0017693 0.00035386 0 0 0.0035386
0.00035386 0.00070771 0 0 0.0017693 0.0014154 0 0 0 0.0010616
0.0021231 0.0021231 0.00035386 0.00070771 0.0053079 0.00035386 0.00035386 0.00070771 0 0.0053079
0.0017693 0.0038924 0 0.0014154 0.0056617 0.0038924 0.00070771 0.00035386 0 0.0010616
0.002477 0.0053079 0 0.00035386 0.0056617 0.0028309 0.00070771 0.00035386 0.00035386 0.0063694
0.0035386 0.0084926 0.00035386 0 0.0070771 0.0046001 0.00070771 0.00035386 0 0.0035386
0.0017693 0.007431 0.00070771 0.0010616 0.012739 0.0038924 0.002477 0.0014154 0 0.0067233
0.0042463 0.0042463 0 0.00070771 0.007431 0.0031847 0.0038924 0.00035386 0.00035386 0.0038924
0.00070771 0.0042463 0.00035386 0 0.0095541 0.00070771 0.0031847 0 0 0.0017693
0.0014154 0.0046001 0 0 0.013447 0.00070771 0.0031847 0 0 0.0021231
0.00035386 0.0067233 0 0.00035386 0.016631 0.0038924 0.0017693 0 0 0.00070771
0.0014154 0.0038924 0.00035386 0.00070771 0.014508 0.00070771 0.0028309 0.00070771 0.00035386 0.0038924
0.002477 0.0042463 0 0.00070771 0.030786 0.0017693 0.0031847 0.00070771 0.00070771 0.0031847
0.0021231 0.0042463 0 0.0014154 0.027601 0.0031847 0.002477 0.00035386 0 0.0063694
0.002477 0.0021231 0 0 0.037155 0.0038924 0.002477 0.0028309 0 0.009908
0.002477 0.00070771 0 0.00035386 0.031139 0.0017693 0.0017693 0.00035386 0 0.0077849
0.0021231 0 0 0.00035386 0.023355 0.0021231 0.00035386 0.00035386 0 0.014154
0.00070771 0 0 0 0.0092003 0.00070771 0 0.00070771 0 0.0060156
0.0014154 0 0 0.00035386 0.0053079 0.00035386 0.00035386 0.0010616 0 0.0038924
0.00070771 0 0 0 0.0021231 0 0 0.00035386 0 0.0021231
0.00070771 0.00035386 0 0 0.00035386 0.00035386 0 0 0 0.00035386
0.00035386 0 0 0 0 0 0 0 0 0.00070771
0 0 0 0 0 0 0 0 0 0
0 0 0 0 0 0 0 0 0 0
0 0 0 0 0 0 0 0 0 0
0 0 0 0 0 0 0 0 0 0
