# the different columns denote the different activities
# ie. using pc (1), preparing food (2), vacuum cleaning (3), ironing (4), watching tv (5),
# listening audio (6), doing the dishes (7), washing laundry (8), drying laundry (9) and 
# taking shower or bath (10).

0 8.4367e-05 0 0 8.4367e-05 8.4367e-05 0 0 0 0.00016873
0 0.0007593 0 0 0.00033747 0.00042183 0 0 8.4367e-05 8.4367e-05
0.00016873 0.00067493 0 0 0.00016873 0.0005062 0 8.4367e-05 0 0.00042183
0.00016873 0.0007593 0 8.4367e-05 8.4367e-05 0.00067493 0 8.4367e-05 0 0.0007593
0.00016873 0.0033747 0 8.4367e-05 0.00092804 0.0020248 0.00033747 0.0002531 8.4367e-05 0.0024466
0.00016873 0.005062 0 0.00016873 0.00042183 0.0075086 0.0010968 0.00033747 8.4367e-05 0.0056526
0.0002531 0.010968 8.4367e-05 0.00059057 0.0021935 0.014342 0.0012655 0.0010124 8.4367e-05 0.012655
0.0010124 0.012824 8.4367e-05 0.00067493 0.0032059 0.013752 0.002531 0.00059057 0.00033747 0.016705
0.0015186 0.013921 0.00092804 0.0010124 0.0038809 0.021092 0.0054838 0.00084367 0.0002531 0.019995
0.002531 0.015355 0.0016873 0.0017717 0.0042183 0.016873 0.0091116 0.0031216 0.00067493 0.020079
0.0031216 0.015355 0.0020248 0.0031216 0.0067493 0.018561 0.0086898 0.0033747 0.0012655 0.021598
0.0033747 0.010377 0.0023623 0.0033747 0.0073399 0.011727 0.010208 0.0036278 0.00092804 0.016114
0.0048933 0.011811 0.0026997 0.0047245 0.01004 0.016283 0.0074243 0.0047245 0.00092804 0.017801
0.0064962 0.011558 0.0018561 0.0045558 0.009196 0.010461 0.0057369 0.0030372 0.00092804 0.0097022
0.0074243 0.026491 0.0029528 0.0046402 0.014342 0.01198 0.0045558 0.0026997 0.00059057 0.01139
0.0060744 0.031047 0.0018561 0.0024466 0.012655 0.0082679 0.0038809 0.0026997 0.0010124 0.0067493
0.00599 0.034422 0.0015186 0.0014342 0.02202 0.013499 0.0065806 0.0017717 0.0010124 0.0043871
0.0062431 0.019151 0.0014342 0.0017717 0.026154 0.0081836 0.027504 0.001603 0.00016873 0.004134
0.0072555 0.012739 0.0014342 0.002531 0.057876 0.015692 0.022104 0.0014342 0.00067493 0.0024466
0.0070868 0.0081836 0.0014342 0.0040496 0.016536 0.0073399 0.020501 0.0020248 0.00084367 0.002531
0.0070868 0.0070868 0.0014342 0.0056526 0.020332 0.0080148 0.012064 0.0026154 0.00059057 0.0033747
0.0058213 0.0042183 0.0011811 0.0037965 0.015355 0.003459 0.0055682 0.0016873 0.0005062 0.0019404
0.0083523 0.0051464 0.0010968 0.0047245 0.016367 0.0054838 0.0048089 0.0021092 0.00059057 0.0030372
0.0059057 0.00599 0.0011811 0.0032059 0.012149 0.0036278 0.0024466 0.0012655 0.00084367 0.0015186
0.0086898 0.011896 0.0014342 0.0048089 0.019236 0.0074243 0.0032903 0.0019404 0.0010124 0.0027841
0.0056526 0.011136 0.00033747 0.0032903 0.014174 0.0056526 0.0022779 0.0018561 0.00059057 0.0035434
0.0081836 0.022442 0.0005062 0.0043027 0.02202 0.0089429 0.0032059 0.0012655 0.00059057 0.0059057
0.0057369 0.022273 0.00042183 0.0028685 0.024298 0.0061588 0.0068337 0.0011811 0.0002531 0.0043871
0.0079305 0.030456 0.00042183 0.0037121 0.040749 0.008521 0.010124 0.00092804 0.0005062 0.0063275
0.0062431 0.020839 0.00059057 0.0018561 0.039315 0.0038809 0.01603 0.00084367 0.00042183 0.0043027
0.0062431 0.016958 0.0005062 0.0021092 0.078039 0.0064119 0.013583 0.00092804 8.4367e-05 0.0056526
0.0065806 0.0099553 0.0002531 0.001603 0.053826 0.0030372 0.015355 0.0010124 0.00059057 0.0060744
0.0094491 0.008521 0.00016873 0.002531 0.06589 0.0046402 0.010377 0.0014342 0.00016873 0.0083523
0.0065806 0.004134 8.4367e-05 0.0018561 0.050536 0.0026154 0.0060744 0.00092804 0.00067493 0.0057369
0.0061588 0.0032903 8.4367e-05 0.0012655 0.054501 0.0037965 0.0037965 0.0011811 0.00042183 0.0064962
0.0038809 0.0013499 0 0.00092804 0.029697 0.001603 0.0026154 0.0013499 0.00067493 0.005062
0.0045558 0.0010124 0.00016873 0.00084367 0.030372 0.0032903 0.0027841 0.0010968 0.0005062 0.0081836
0.0023623 0.0014342 0 0.0010124 0.015102 0.0013499 0.00067493 0.00084367 0.00016873 0.0069181
0.001603 0.00042183 0 0.00042183 0.013246 0.0015186 0.00084367 0.00059057 0.0002531 0.0060744
0.00042183 8.4367e-05 0 0.0002531 0.0067493 0.0005062 0.00059057 0.00033747 0.00016873 0.0032059
0.00067493 8.4367e-05 0 8.4367e-05 0.0043871 0.00059057 0.00016873 0.0002531 0.0002531 0.0010968
8.4367e-05 0 0 0 0.00067493 0.00016873 0 0 0 0.00067493
0.00033747 8.4367e-05 0 0 0.00067493 0.00016873 0 8.4367e-05 0 0.00033747
0 0 0 0 0.00033747 0 0 0 0 0.00016873
8.4367e-05 0 0 0 0 8.4367e-05 0 0 0 0
0 0 0 0 8.4367e-05 8.4367e-05 0 0 0 8.4367e-05
8.4367e-05 8.4367e-05 0 0 0.00016873 0 0 0 0 0
0 8.4367e-05 0 0 0 0 0 0 0 0.00016873
