# the different columns denote the different activities
# ie. using pc (1), preparing food (2), vacuum cleaning (3), ironing (4), watching tv (5),
# listening audio (6), doing the dishes (7), washing laundry (8), drying laundry (9) and 
# taking shower or bath (10).

0.00023261 0 0 0 0.00023261 0.00023261 0 0 0 0.00069784
0 0 0 0 0.00023261 0 0 0 0 0.00023261
0 0.00046522 0 0 0.00069784 0.00023261 0 0 0 0
0.00023261 0.00023261 0 0.00023261 0 0.00023261 0.00023261 0.00023261 0 0.00023261
0.00046522 0 0 0 0.00069784 0 0 0 0 0.00046522
0 0.00069784 0 0 0.00093045 0.0023261 0.00023261 0 0 0.0018609
0 0.0025587 0 0.00023261 0.0011631 0.0039544 0.00069784 0 0 0.0074436
0.00023261 0.0058153 0 0 0.0016283 0.0067458 0.00093045 0.00046522 0 0.010933
0.0011631 0.011398 0.00023261 0.0011631 0.0046522 0.017911 0.0032566 0.00093045 0 0.016283
0.0016283 0.0090719 0.00046522 0.00046522 0.0051175 0.012096 0.0053501 0.00093045 0.00046522 0.018144
0.0025587 0.013492 0.0013957 0.0020935 0.0065131 0.017911 0.0037218 0.0018609 0.00023261 0.02489
0.0037218 0.0107 0.0011631 0.0025587 0.0060479 0.0097697 0.0053501 0.0018609 0.0011631 0.024192
0.0053501 0.0095371 0.0025587 0.0027913 0.0076762 0.014189 0.0090719 0.004187 0.00069784 0.021633
0.0046522 0.0081414 0.0018609 0.0016283 0.0090719 0.0107 0.0055827 0.0032566 0 0.018376
0.0065131 0.014887 0.0018609 0.0027913 0.012561 0.0079088 0.0046522 0.003024 0.00069784 0.013724
0.0074436 0.019307 0.00069784 0.0018609 0.0067458 0.0079088 0.003024 0.0013957 0.00069784 0.0107
0.0058153 0.019772 0.00069784 0.0013957 0.016981 0.0081414 0.0055827 0.00046522 0.00046522 0.007211
0.0048849 0.0093045 0.00069784 0.00093045 0.013492 0.0065131 0.014655 0.0011631 0.00093045 0.0053501
0.0053501 0.0090719 0.00069784 0.0018609 0.033264 0.010002 0.013259 0.0018609 0.00046522 0.0058153
0.0053501 0.0039544 0.00046522 0.0016283 0.010933 0.0046522 0.013724 0.00093045 0.00069784 0.0020935
0.0039544 0.0039544 0.00093045 0.00093045 0.0088393 0.004187 0.0048849 0.0013957 0.00046522 0.0025587
0.0023261 0.0020935 0.00046522 0.00046522 0.0062805 0.0013957 0.0055827 0.00046522 0 0.0011631
0.0039544 0.0013957 0.00023261 0.00069784 0.0090719 0.0032566 0.0018609 0.0011631 0 0.003024
0.0016283 0.0023261 0.00046522 0.00093045 0.004187 0.0018609 0.0018609 0.00046522 0.00023261 0.0016283
0.0034892 0.0037218 0.00023261 0.0016283 0.013492 0.003024 0.0016283 0.0013957 0.00046522 0.0011631
0.0039544 0.0051175 0.00069784 0.0023261 0.010468 0.003024 0.0016283 0.00046522 0.00023261 0.00093045
0.0067458 0.010468 0 0.0020935 0.015818 0.0037218 0.00093045 0.0023261 0.00023261 0.003024
0.0051175 0.011398 0.00023261 0.00069784 0.020005 0.0048849 0.0034892 0.00093045 0.00046522 0.0044196
0.0053501 0.020005 0.00093045 0.0025587 0.028611 0.0060479 0.0067458 0.00093045 0.00069784 0.0037218
0.0048849 0.017446 0 0.0011631 0.031635 0.0046522 0.012328 0.0013957 0.00046522 0.0020935
0.0079088 0.016981 0.00023261 0.0018609 0.07211 0.0046522 0.0088393 0.0016283 0.00046522 0.0048849
0.007211 0.011165 0.0011631 0.0013957 0.051407 0.0039544 0.012794 0.0013957 0.00046522 0.0065131
0.0069784 0.0067458 0.00023261 0.0013957 0.066527 0.0016283 0.010468 0.00046522 0.00046522 0.0055827
0.0048849 0.0023261 0 0.003024 0.051873 0.0018609 0.0058153 0.00069784 0.00023261 0.0079088
0.0062805 0.0025587 0 0.0023261 0.050709 0.0025587 0.0039544 0.00093045 0.00046522 0.0069784
0.0034892 0.0016283 0 0.00093045 0.029542 0.0025587 0.0025587 0.00046522 0 0.0069784
0.0044196 0.0011631 0 0.00046522 0.030007 0.0013957 0.0013957 0.0013957 0.00046522 0.0086067
0.0034892 0.0013957 0 0.00023261 0.012328 0.00093045 0.0013957 0.0011631 0 0.0079088
0.0018609 0.00046522 0 0 0.014189 0.0013957 0.00069784 0.00069784 0.00023261 0.0048849
0.00093045 0.00023261 0 0.00023261 0.0039544 0.00046522 0.00023261 0.00023261 0.00023261 0.0027913
0.0011631 0 0 0 0.0044196 0.00023261 0 0 0 0.00093045
0.00069784 0 0 0 0.0013957 0 0 0 0 0.00046522
0.00023261 0 0 0 0.00046522 0 0 0 0 0.00023261
0 0 0 0 0.00023261 0 0 0 0 0.00023261
0 0 0 0 0.00046522 0 0 0 0 0
0 0 0 0 0 0 0 0 0 0.00023261
0 0 0 0 0 0 0 0 0 0
0 0.00023261 0 0 0 0 0 0 0 0
