# the different columns denote the different activities
# ie. using pc (1), preparing food (2), vacuum cleaning (3), ironing (4), watching tv (5),
# listening audio (6), doing the dishes (7), washing laundry (8), drying laundry (9) and 
# taking shower or bath (10).

0.00019069 0.00095347 0 0 0.00019069 0 0 0 0 0.0026697
0.00019069 0.0017162 0 0 0.00019069 0.0013349 0 0 0 0.0036232
0.00038139 0.0030511 0 0 0.0011442 0.0017162 0.00038139 0 0 0.0072464
0.00019069 0.0030511 0 0 0.00057208 0.0045767 0.00038139 0.00019069 0 0.011442
0.00019069 0.0057208 0 0.00038139 0.00095347 0.0085812 0.00057208 0.00038139 0 0.017162
0.00095347 0.004386 0 0.00057208 0.0013349 0.010297 0.00095347 0 0.00019069 0.019069
0.00076278 0.0072464 0 0.00038139 0.002479 0.015446 0.0015256 0.00038139 0.00019069 0.022311
0.0015256 0.0045767 0.00019069 0.00038139 0.0022883 0.0091533 0.00057208 0.00095347 0 0.014111
0.0011442 0.0040046 0 0.00019069 0.0011442 0.0070557 0.0013349 0.00076278 0 0.012586
0.00076278 0.0026697 0.00019069 0.00038139 0.00076278 0.0032418 0.00095347 0.00019069 0.00019069 0.0061022
0.00057208 0.0017162 0.00019069 0.00038139 0.00038139 0.0022883 0.0011442 0.00038139 0 0.0036232
0.00019069 0.00057208 0 0.00019069 0.00057208 0.0011442 0.00095347 0.00057208 0 0.0028604
0.00057208 0.0011442 0.00019069 0.00038139 0.00095347 0.0015256 0.00038139 0 0 0.0017162
0.00076278 0.00057208 0 0.00019069 0.00076278 0.00057208 0.00038139 0 0 0.0015256
0 0.00057208 0 0 0.00095347 0.00057208 0.00057208 0 0 0.00095347
0.00038139 0.00057208 0.00038139 0 0.00019069 0.00076278 0 0.00019069 0 0.0011442
0 0.0022883 0.00019069 0.00019069 0.00057208 0.00095347 0 0 0 0.00076278
0.00095347 0.00057208 0 0.00019069 0.0015256 0.0011442 0.00095347 0 0 0.00038139
0.00057208 0.0017162 0 0 0.0034325 0.00038139 0.00076278 0.00038139 0 0.00076278
0.0011442 0 0 0 0.0013349 0.00038139 0.00095347 0.00019069 0 0.00057208
0.00057208 0.00057208 0.00038139 0.00019069 0.0015256 0.00076278 0.00057208 0 0.00019069 0.00038139
0.00057208 0.00076278 0.00019069 0.00019069 0.0019069 0.0011442 0.00038139 0.00038139 0 0.0013349
0.0011442 0.00076278 0 0.00038139 0.0020976 0.0015256 0.00076278 0.00038139 0 0.0015256
0.00095347 0.00095347 0.00038139 0.00076278 0.0032418 0.0015256 0.00076278 0 0 0.00076278
0.0022883 0.0020976 0 0.00095347 0.0041953 0.0026697 0 0.00038139 0.00019069 0.0022883
0.0022883 0.0030511 0.00019069 0.0011442 0.0047674 0.0015256 0.00076278 0.00076278 0 0.0013349
0.0061022 0.0072464 0.00019069 0.00076278 0.0057208 0.002479 0.0019069 0.00038139 0 0.0038139
0.0020976 0.0061022 0 0.0011442 0.0072464 0.0020976 0.00076278 0.00095347 0.00019069 0.0026697
0.0032418 0.010107 0.00038139 0.00095347 0.011442 0.0034325 0.0045767 0 0 0.0030511
0.0028604 0.006865 0.00019069 0.0011442 0.012395 0.0022883 0.0053394 0.00095347 0.00019069 0.0045767
0.0030511 0.0064836 0.00019069 0.00076278 0.025553 0.0019069 0.0036232 0.00038139 0 0.0064836
0.0030511 0.0057208 0.00019069 0.00038139 0.019069 0.00076278 0.0061022 0.00019069 0.00019069 0.004958
0.002479 0.004386 0.00019069 0.0011442 0.020595 0.002479 0.0045767 0.00038139 0 0.004386
0.0045767 0.0026697 0 0.00057208 0.022883 0.00095347 0.0026697 0.00038139 0 0.0074371
0.0030511 0.0026697 0.00019069 0.00076278 0.023265 0.00019069 0.0017162 0.00019069 0 0.0076278
0.0034325 0.0020976 0 0.00057208 0.018307 0.0011442 0.0017162 0.00019069 0 0.0045767
0.0026697 0.0020976 0.00038139 0.00095347 0.017353 0.0020976 0.0011442 0.0011442 0.00038139 0.0030511
0.0015256 0.00095347 0 0.00095347 0.0085812 0.0017162 0.0011442 0.00019069 0.00019069 0.004958
0.0017162 0.00095347 0 0.00076278 0.0085812 0.0011442 0.00038139 0.00019069 0.00038139 0.0053394
0.0015256 0.00038139 0 0.00038139 0.004386 0.00076278 0 0.00019069 0.00019069 0.0030511
0.0013349 0 0 0.00019069 0.0041953 0.00057208 0.00019069 0.00019069 0 0.0019069
0.00038139 0 0 0 0.0013349 0.00038139 0 0.00019069 0 0.0013349
0.00038139 0 0 0 0.0017162 0.00057208 0 0 0 0.00057208
0 0 0 0 0.00038139 0.00019069 0 0.00019069 0 0.00076278
0 0.00019069 0 0 0.00019069 0 0 0 0 0.00019069
0.00019069 0.00019069 0 0 0.00038139 0 0 0 0 0.00019069
0 0.00038139 0 0 0.00038139 0 0 0 0 0.00057208
0.00019069 0.00019069 0 0 0.00057208 0 0 0 0 0.00057208
