############################################################################
# Occupancy Transition Matrices for Pattern 5                              
#                                                                              
# note: contains three 48x3 matrices                                       
#       rows   = time-bin 1 to 48                                          
#		         (each time-bin = 30 minutes)                              
#       column = cumulative percentage of probability for next state       
#				 column 1 = next state = 1 (="at home and awake")          
#				 column 2 = next state = 2 (="sleeping")                   
#				 column 3 = next state = 3 (="absent")                     
#		example  														   
#       If State 2 (="sleeping") ended during time-bin 7 (between 7AM and  
#                 7:30AM)  the probability that the next state will be     
#                  - State 1 (="at home and awake") is 99.66%			   
#				   - State 3 (="absent") is 0.34%						   
############################################################################

# Current State = 1 ("at home and awake")
0.000000 1.000000 1.000000
0.000000 0.777778 1.000000
0.000000 0.800000 1.000000
0.000000 0.413793 1.000000
0.000000 0.311111 1.000000
0.000000 0.061728 1.000000
0.000000 0.018809 1.000000
0.000000 0.003185 1.000000
0.000000 0.008163 1.000000
0.000000 0.007752 1.000000
0.000000 0.000000 1.000000
0.000000 0.000000 1.000000
0.000000 0.000000 1.000000
0.000000 0.000000 1.000000
0.000000 0.000000 1.000000
0.000000 0.000000 1.000000
0.000000 0.000000 1.000000
0.000000 0.000000 1.000000
0.000000 0.024691 1.000000
0.000000 0.056075 1.000000
0.000000 0.035088 1.000000
0.000000 0.133333 1.000000
0.000000 0.145455 1.000000
0.000000 0.032258 1.000000
0.000000 0.057692 1.000000
0.000000 0.047619 1.000000
0.000000 0.054795 1.000000
0.000000 0.009804 1.000000
0.000000 0.021505 1.000000
0.000000 0.042254 1.000000
0.000000 0.060241 1.000000
0.000000 0.025000 1.000000
0.000000 0.114754 1.000000
0.000000 0.340909 1.000000
0.000000 0.810127 1.000000
0.000000 0.897260 1.000000
0.000000 0.950292 1.000000
0.000000 0.981366 1.000000
0.000000 0.992647 1.000000
0.000000 0.980000 1.000000
0.000000 1.000000 1.000000
0.000000 1.000000 1.000000
0.000000 0.989247 1.000000
0.000000 1.000000 1.000000
0.000000 1.000000 1.000000
0.000000 1.000000 1.000000
0.000000 1.000000 1.000000
0.000000 0.888889 1.000000

# Current State = 2 ("sleeping")
1.000000 1.000000 1.000000
1.000000 1.000000 1.000000
1.000000 1.000000 1.000000
0.990909 0.990909 1.000000
1.000000 1.000000 1.000000
0.996546 0.996546 1.000000
0.996616 0.996616 1.000000
0.996429 0.996429 1.000000
0.989691 0.989691 1.000000
0.977778 0.977778 1.000000
0.980392 0.980392 1.000000
1.000000 1.000000 1.000000
1.000000 1.000000 1.000000
1.000000 1.000000 1.000000
1.000000 1.000000 1.000000
1.000000 1.000000 1.000000
1.000000 1.000000 1.000000
1.000000 1.000000 1.000000
1.000000 1.000000 1.000000
1.000000 1.000000 1.000000
0.333333 0.333333 1.000000
1.000000 1.000000 1.000000
0.875000 0.875000 1.000000
1.000000 1.000000 1.000000
0.625000 0.625000 1.000000
0.333333 0.333333 1.000000
0.714286 0.714286 1.000000
1.000000 1.000000 1.000000
1.000000 1.000000 1.000000
0.666667 0.666667 1.000000
1.000000 1.000000 1.000000
1.000000 1.000000 1.000000
1.000000 1.000000 1.000000
1.000000 1.000000 1.000000
1.000000 1.000000 1.000000
1.000000 1.000000 1.000000
1.000000 1.000000 1.000000
1.000000 1.000000 1.000000
1.000000 1.000000 1.000000
1.000000 1.000000 1.000000
1.000000 1.000000 1.000000
1.000000 1.000000 1.000000
1.000000 1.000000 1.000000
1.000000 1.000000 1.000000
1.000000 1.000000 1.000000
1.000000 1.000000 1.000000
1.000000 1.000000 1.000000
1.000000 1.000000 1.000000

# Current State = 3 ("absent")
0.000000 1.000000 1.000000
1.000000 1.000000 1.000000
0.000000 1.000000 1.000000
0.750000 1.000000 1.000000
1.000000 1.000000 1.000000
1.000000 1.000000 1.000000
0.928571 1.000000 1.000000
0.947368 1.000000 1.000000
1.000000 1.000000 1.000000
0.964286 1.000000 1.000000
1.000000 1.000000 1.000000
1.000000 1.000000 1.000000
1.000000 1.000000 1.000000
1.000000 1.000000 1.000000
1.000000 1.000000 1.000000
1.000000 1.000000 1.000000
1.000000 1.000000 1.000000
0.979592 1.000000 1.000000
1.000000 1.000000 1.000000
0.956522 1.000000 1.000000
0.983607 1.000000 1.000000
0.983607 1.000000 1.000000
0.973333 1.000000 1.000000
1.000000 1.000000 1.000000
0.983784 1.000000 1.000000
1.000000 1.000000 1.000000
0.997312 1.000000 1.000000
1.000000 1.000000 1.000000
1.000000 1.000000 1.000000
1.000000 1.000000 1.000000
1.000000 1.000000 1.000000
1.000000 1.000000 1.000000
1.000000 1.000000 1.000000
1.000000 1.000000 1.000000
1.000000 1.000000 1.000000
0.960000 1.000000 1.000000
0.983871 1.000000 1.000000
0.954545 1.000000 1.000000
0.900000 1.000000 1.000000
0.869565 1.000000 1.000000
0.846154 1.000000 1.000000
1.000000 1.000000 1.000000
0.666667 1.000000 1.000000
0.500000 1.000000 1.000000
0.333333 1.000000 1.000000
0.000000 1.000000 1.000000
1.000000 1.000000 1.000000
1.000000 1.000000 1.000000
