############################################################################
# Occupancy Transition Matrices for Pattern 4                              
#                                                                              
# note: contains three 48x3 matrices                                       
#       rows   = time-bin 1 to 48                                          
#		         (each time-bin = 30 minutes)                              
#       column = cumulative percentage of probability for next state       
#				 column 1 = next state = 1 (="at home and awake")          
#				 column 2 = next state = 2 (="sleeping")                   
#				 column 3 = next state = 3 (="absent")                     
#		example  														   
#       If State 2 (="sleeping") ended during time-bin 7 (between 7AM and  
#                 7:30AM)  the probability that the next state will be     
#                  - State 1 (="at home and awake") is 100.00%			   
#				   - State 3 (="absent") is 0.00%						   
############################################################################

# Current State = 1 ("at home and awake")
0.000000 1.000000 1.000000
0.000000 1.000000 1.000000
0.000000 0.875000 1.000000
0.000000 0.333333 1.000000
0.000000 1.000000 1.000000
0.000000 0.866667 1.000000
0.000000 0.750000 1.000000
0.000000 0.600000 1.000000
0.000000 0.423077 1.000000
0.000000 0.304348 1.000000
0.000000 0.187500 1.000000
0.000000 0.225806 1.000000
0.000000 0.042553 1.000000
0.000000 0.128205 1.000000
0.000000 0.129630 1.000000
0.000000 0.000000 1.000000
0.000000 0.039216 1.000000
0.000000 0.086957 1.000000
0.000000 0.102041 1.000000
0.000000 0.071429 1.000000
0.000000 0.040000 1.000000
0.000000 0.000000 1.000000
0.000000 0.022222 1.000000
0.000000 0.100000 1.000000
0.000000 0.021739 1.000000
0.000000 0.027027 1.000000
0.000000 0.020833 1.000000
0.000000 0.018868 1.000000
0.000000 0.000000 1.000000
0.000000 0.000000 1.000000
0.000000 0.034483 1.000000
0.000000 0.017544 1.000000
0.000000 0.040000 1.000000
0.000000 0.000000 1.000000
0.000000 0.031250 1.000000
0.000000 0.000000 1.000000
0.000000 0.000000 1.000000
0.000000 0.000000 1.000000
0.000000 0.071429 1.000000
0.000000 0.400000 1.000000
0.000000 1.000000 1.000000
0.000000 1.000000 1.000000
0.000000 0.954545 1.000000
0.000000 1.000000 1.000000
0.000000 0.918919 1.000000
0.000000 0.974359 1.000000
0.000000 0.979167 1.000000
0.000000 1.000000 1.000000

# Current State = 2 ("sleeping")
0.333333 0.333333 1.000000
1.000000 1.000000 1.000000
1.000000 1.000000 1.000000
1.000000 1.000000 1.000000
1.000000 1.000000 1.000000
0.923077 0.923077 1.000000
1.000000 1.000000 1.000000
1.000000 1.000000 1.000000
1.000000 1.000000 1.000000
1.000000 1.000000 1.000000
1.000000 1.000000 1.000000
0.962264 0.962264 1.000000
1.000000 1.000000 1.000000
1.000000 1.000000 1.000000
1.000000 1.000000 1.000000
1.000000 1.000000 1.000000
1.000000 1.000000 1.000000
1.000000 1.000000 1.000000
1.000000 1.000000 1.000000
1.000000 1.000000 1.000000
0.923077 0.923077 1.000000
1.000000 1.000000 1.000000
1.000000 1.000000 1.000000
1.000000 1.000000 1.000000
0.923077 0.923077 1.000000
1.000000 1.000000 1.000000
0.857143 0.857143 1.000000
0.800000 0.800000 1.000000
1.000000 1.000000 1.000000
1.000000 1.000000 1.000000
1.000000 1.000000 1.000000
1.000000 1.000000 1.000000
1.000000 1.000000 1.000000
1.000000 1.000000 1.000000
1.000000 1.000000 1.000000
1.000000 1.000000 1.000000
0.000000 0.000000 1.000000
1.000000 1.000000 1.000000
1.000000 1.000000 1.000000
1.000000 1.000000 1.000000
1.000000 1.000000 1.000000
1.000000 1.000000 1.000000
1.000000 1.000000 1.000000
1.000000 1.000000 1.000000
1.000000 1.000000 1.000000
1.000000 1.000000 1.000000
1.000000 1.000000 1.000000
1.000000 1.000000 1.000000

# Current State = 3 ("absent")
0.000000 1.000000 1.000000
0.333333 1.000000 1.000000
0.500000 1.000000 1.000000
0.833333 1.000000 1.000000
0.857143 1.000000 1.000000
0.866667 1.000000 1.000000
1.000000 1.000000 1.000000
1.000000 1.000000 1.000000
0.916667 1.000000 1.000000
0.888889 1.000000 1.000000
1.000000 1.000000 1.000000
0.846154 1.000000 1.000000
0.909091 1.000000 1.000000
0.954545 1.000000 1.000000
1.000000 1.000000 1.000000
1.000000 1.000000 1.000000
1.000000 1.000000 1.000000
1.000000 1.000000 1.000000
1.000000 1.000000 1.000000
1.000000 1.000000 1.000000
1.000000 1.000000 1.000000
1.000000 1.000000 1.000000
1.000000 1.000000 1.000000
1.000000 1.000000 1.000000
1.000000 1.000000 1.000000
1.000000 1.000000 1.000000
0.955556 1.000000 1.000000
1.000000 1.000000 1.000000
0.972973 1.000000 1.000000
1.000000 1.000000 1.000000
1.000000 1.000000 1.000000
1.000000 1.000000 1.000000
1.000000 1.000000 1.000000
1.000000 1.000000 1.000000
1.000000 1.000000 1.000000
1.000000 1.000000 1.000000
1.000000 1.000000 1.000000
1.000000 1.000000 1.000000
1.000000 1.000000 1.000000
0.923077 1.000000 1.000000
1.000000 1.000000 1.000000
0.925926 1.000000 1.000000
0.742857 1.000000 1.000000
0.694444 1.000000 1.000000
0.666667 1.000000 1.000000
0.666667 1.000000 1.000000
0.687500 1.000000 1.000000
0.653846 1.000000 1.000000
