############################################################################
# Occupancy Transition Matrices for Pattern 2                              
#                                                                              
# note: contains three 48x3 matrices                                       
#       rows   = time-bin 1 to 48                                          
#		         (each time-bin = 30 minutes)                              
#       column = cumulative percentage of probability for next state       
#				 column 1 = next state = 1 (="at home and awake")          
#				 column 2 = next state = 2 (="sleeping")                   
#				 column 3 = next state = 3 (="absent")                     
#		example  														   
#       If State 2 (="sleeping") ended during time-bin 7 (between 7AM and  
#                 7:30AM)  the probability that the next state will be     
#                  - State 1 (="at home and awake") is 99.70%			   
#				   - State 3 (="absent") is 0.30%						   
############################################################################

# Current State = 1 ("at home and awake")
0.000000 1.000000 1.000000
0.000000 0.933333 1.000000
0.000000 1.000000 1.000000
0.000000 0.850000 1.000000
0.000000 0.807692 1.000000
0.000000 0.758621 1.000000
0.000000 0.486486 1.000000
0.000000 0.170732 1.000000
0.000000 0.071429 1.000000
0.000000 0.069307 1.000000
0.000000 0.021583 1.000000
0.000000 0.020000 1.000000
0.000000 0.036697 1.000000
0.000000 0.000000 1.000000
0.000000 0.035714 1.000000
0.000000 0.000000 1.000000
0.000000 0.044444 1.000000
0.000000 0.295455 1.000000
0.000000 0.428571 1.000000
0.000000 0.415385 1.000000
0.000000 0.182796 1.000000
0.000000 0.084746 1.000000
0.000000 0.138614 1.000000
0.000000 0.044776 1.000000
0.000000 0.069767 1.000000
0.000000 0.080645 1.000000
0.000000 0.060606 1.000000
0.000000 0.040000 1.000000
0.000000 0.000000 1.000000
0.000000 0.000000 1.000000
0.000000 0.034483 1.000000
0.000000 0.000000 1.000000
0.000000 0.200000 1.000000
0.000000 0.434783 1.000000
0.000000 0.775000 1.000000
0.000000 0.915254 1.000000
0.000000 0.972350 1.000000
0.000000 0.983806 1.000000
0.000000 0.988372 1.000000
0.000000 0.986486 1.000000
0.000000 0.982955 1.000000
0.000000 1.000000 1.000000
0.000000 0.990196 1.000000
0.000000 0.983051 1.000000
0.000000 1.000000 1.000000
0.000000 1.000000 1.000000
0.000000 1.000000 1.000000
0.000000 1.000000 1.000000

# Current State = 2 ("sleeping")
1.000000 1.000000 1.000000
0.958333 0.958333 1.000000
0.977273 0.977273 1.000000
1.000000 1.000000 1.000000
1.000000 1.000000 1.000000
0.993506 0.993506 1.000000
0.997041 0.997041 1.000000
0.993355 0.993355 1.000000
1.000000 1.000000 1.000000
1.000000 1.000000 1.000000
1.000000 1.000000 1.000000
1.000000 1.000000 1.000000
1.000000 1.000000 1.000000
0.941176 0.941176 1.000000
0.944444 0.944444 1.000000
1.000000 1.000000 1.000000
1.000000 1.000000 1.000000
1.000000 1.000000 1.000000
1.000000 1.000000 1.000000
0.937500 0.937500 1.000000
0.909091 0.909091 1.000000
0.960000 0.960000 1.000000
0.947368 0.947368 1.000000
1.000000 1.000000 1.000000
1.000000 1.000000 1.000000
0.833333 0.833333 1.000000
1.000000 1.000000 1.000000
1.000000 1.000000 1.000000
1.000000 1.000000 1.000000
1.000000 1.000000 1.000000
1.000000 1.000000 1.000000
1.000000 1.000000 1.000000
1.000000 1.000000 1.000000
1.000000 1.000000 1.000000
1.000000 1.000000 1.000000
1.000000 1.000000 1.000000
1.000000 1.000000 1.000000
1.000000 1.000000 1.000000
1.000000 1.000000 1.000000
1.000000 1.000000 1.000000
1.000000 1.000000 1.000000
1.000000 1.000000 1.000000
1.000000 1.000000 1.000000
1.000000 1.000000 1.000000
1.000000 1.000000 1.000000
1.000000 1.000000 1.000000
1.000000 1.000000 1.000000
1.000000 1.000000 1.000000

# Current State = 3 ("absent")
0.000000 1.000000 1.000000
0.333333 1.000000 1.000000
1.000000 1.000000 1.000000
1.000000 1.000000 1.000000
0.500000 1.000000 1.000000
0.750000 1.000000 1.000000
0.888889 1.000000 1.000000
0.954545 1.000000 1.000000
0.965517 1.000000 1.000000
0.984615 1.000000 1.000000
1.000000 1.000000 1.000000
1.000000 1.000000 1.000000
1.000000 1.000000 1.000000
1.000000 1.000000 1.000000
1.000000 1.000000 1.000000
1.000000 1.000000 1.000000
1.000000 1.000000 1.000000
1.000000 1.000000 1.000000
0.976190 1.000000 1.000000
1.000000 1.000000 1.000000
0.950000 1.000000 1.000000
1.000000 1.000000 1.000000
1.000000 1.000000 1.000000
1.000000 1.000000 1.000000
1.000000 1.000000 1.000000
1.000000 1.000000 1.000000
1.000000 1.000000 1.000000
1.000000 1.000000 1.000000
1.000000 1.000000 1.000000
1.000000 1.000000 1.000000
1.000000 1.000000 1.000000
1.000000 1.000000 1.000000
1.000000 1.000000 1.000000
1.000000 1.000000 1.000000
0.941176 1.000000 1.000000
1.000000 1.000000 1.000000
1.000000 1.000000 1.000000
1.000000 1.000000 1.000000
0.777778 1.000000 1.000000
0.500000 1.000000 1.000000
0.666667 1.000000 1.000000
0.500000 1.000000 1.000000
1.000000 1.000000 1.000000
1.000000 1.000000 1.000000
0.500000 1.000000 1.000000
1.000000 1.000000 1.000000
1.000000 1.000000 1.000000
1.000000 1.000000 1.000000
