# the different columns denote the different activities
# ie. using pc (1), preparing food (2), vacuum cleaning (3), ironing (4), watching tv (5),
# listening audio (6), doing the dishes (7), washing laundry (8), drying laundry (9) and 
# taking shower or bath (10).

0.001150 0.000000 0.000000 0.000000 0.002300 0.000575 0.000000 0.000000 0.000000 0.000000
0.001150 0.000575 0.000000 0.000000 0.002300 0.001150 0.000000 0.000575 0.000000 0.000000
0.000575 0.000000 0.000000 0.000000 0.003450 0.001725 0.000000 0.000000 0.000000 0.000000
0.000575 0.000000 0.000000 0.000000 0.002875 0.002300 0.000000 0.000000 0.000000 0.000000
0.001150 0.000000 0.000000 0.000000 0.002300 0.002300 0.000000 0.000000 0.000000 0.000000
0.001150 0.000575 0.000000 0.000000 0.002875 0.002300 0.000000 0.000000 0.000000 0.000000
0.001150 0.001725 0.000000 0.000000 0.002875 0.003450 0.000000 0.000575 0.000000 0.000000
0.001725 0.001150 0.000000 0.000000 0.004025 0.002300 0.000575 0.000000 0.000000 0.000575
0.001150 0.002875 0.000000 0.000000 0.002875 0.002875 0.000575 0.000000 0.000000 0.002300
0.001725 0.001150 0.000000 0.000000 0.003450 0.003450 0.000575 0.000000 0.000000 0.001725
0.002875 0.003450 0.000000 0.000000 0.004025 0.005175 0.000575 0.000575 0.000000 0.002300
0.001725 0.002875 0.000000 0.000000 0.005175 0.005175 0.001150 0.000000 0.000000 0.001725
0.002300 0.005175 0.000000 0.000575 0.004025 0.009201 0.000575 0.000575 0.000575 0.002300
0.002875 0.007476 0.000000 0.000000 0.003450 0.012076 0.001725 0.000575 0.000000 0.007476
0.001725 0.008051 0.000000 0.000000 0.003450 0.014376 0.000575 0.000575 0.000000 0.005750
0.002300 0.009201 0.000000 0.001150 0.004025 0.026452 0.000575 0.000000 0.000575 0.008051
0.001725 0.015526 0.000000 0.000000 0.004600 0.025302 0.002300 0.000000 0.000575 0.013226
0.002300 0.016101 0.000000 0.000000 0.007476 0.025302 0.003450 0.000000 0.000000 0.014951
0.001725 0.017251 0.000575 0.002300 0.005750 0.054054 0.003450 0.001150 0.000000 0.014951
0.001725 0.027027 0.000000 0.001725 0.006901 0.060380 0.004600 0.000575 0.000575 0.030477
0.001725 0.027027 0.000000 0.001725 0.009776 0.057504 0.005175 0.001150 0.000575 0.031627
0.004600 0.031052 0.000000 0.002300 0.009776 0.066705 0.008051 0.000575 0.000000 0.026452
0.005175 0.039103 0.000000 0.002300 0.011501 0.075906 0.009776 0.001725 0.000000 0.037378
0.005175 0.033353 0.000575 0.003450 0.014376 0.078206 0.010926 0.004600 0.000575 0.033928
0.006901 0.034503 0.001150 0.006901 0.016676 0.098332 0.012651 0.004600 0.000575 0.034503
0.008626 0.050604 0.002875 0.007476 0.020702 0.108683 0.014951 0.002300 0.000000 0.047729
0.011501 0.043703 0.004600 0.006901 0.020702 0.105808 0.020127 0.006325 0.000000 0.045428
0.012651 0.037378 0.002875 0.006325 0.023577 0.108683 0.026452 0.006325 0.001150 0.045428
0.013226 0.036803 0.005750 0.005750 0.025877 0.108108 0.032777 0.006325 0.003450 0.040253
0.015526 0.039103 0.005750 0.007476 0.026452 0.112708 0.030477 0.004025 0.003450 0.028752
0.020702 0.030477 0.005175 0.010926 0.028752 0.128235 0.031052 0.008626 0.002300 0.044278
0.023577 0.031627 0.008051 0.016676 0.031627 0.127085 0.032777 0.010351 0.001150 0.046578
0.025302 0.029902 0.012076 0.018401 0.029902 0.121334 0.035653 0.011501 0.001150 0.037378
0.027027 0.039678 0.015526 0.023002 0.029327 0.120184 0.024152 0.009201 0.001725 0.032202
0.027027 0.044278 0.016101 0.024152 0.028177 0.121334 0.021277 0.013226 0.002875 0.027027
0.023577 0.050029 0.018401 0.025302 0.032202 0.115009 0.021852 0.010351 0.001150 0.020702
0.029902 0.065555 0.013801 0.024727 0.036228 0.115584 0.023577 0.016676 0.002875 0.024152
0.031627 0.067855 0.013226 0.027027 0.037378 0.109833 0.023002 0.011501 0.002300 0.023577
0.035078 0.069580 0.012651 0.030477 0.038528 0.109833 0.016101 0.009201 0.001150 0.021277
0.043703 0.073030 0.009776 0.029327 0.042553 0.109258 0.014951 0.008626 0.001150 0.017251
0.044853 0.079356 0.010351 0.030477 0.048879 0.115009 0.017251 0.009201 0.003450 0.014376
0.044278 0.088557 0.010926 0.028752 0.053479 0.114434 0.020702 0.008626 0.002300 0.012651
0.038528 0.126509 0.013226 0.026452 0.059804 0.114434 0.014376 0.006901 0.002300 0.012076
0.037953 0.148361 0.015526 0.028177 0.063255 0.113283 0.013801 0.006901 0.002875 0.010351
0.041978 0.172513 0.013226 0.028177 0.062105 0.114434 0.013226 0.004025 0.003450 0.009776
0.048304 0.198390 0.012651 0.030477 0.065555 0.111558 0.012076 0.005750 0.002300 0.008626
0.047729 0.203565 0.012076 0.024152 0.070155 0.110408 0.010926 0.002300 0.002875 0.009776
0.050604 0.208166 0.010351 0.019551 0.070155 0.111558 0.012076 0.001725 0.001725 0.008051
0.035078 0.150086 0.006325 0.010351 0.081656 0.104658 0.013801 0.001150 0.001150 0.006901
0.032202 0.127085 0.006901 0.009776 0.087982 0.094882 0.016676 0.004025 0.001150 0.004600
0.032777 0.115584 0.005750 0.008051 0.102358 0.092007 0.021277 0.002875 0.001725 0.004600
0.029327 0.089132 0.002875 0.006901 0.120184 0.087982 0.048879 0.001725 0.000575 0.002875
0.031627 0.071305 0.001725 0.008626 0.143761 0.090857 0.078206 0.002300 0.000575 0.003450
0.031627 0.057504 0.001725 0.009776 0.166187 0.084531 0.088557 0.002300 0.001725 0.004025
0.026452 0.045428 0.001725 0.009201 0.274296 0.082231 0.068430 0.002300 0.002875 0.005175
0.027027 0.040828 0.004600 0.011501 0.276596 0.077056 0.066130 0.002875 0.001725 0.002875
0.027602 0.031052 0.002875 0.016676 0.265095 0.062680 0.060955 0.001150 0.000575 0.002300
0.028177 0.025877 0.001725 0.021277 0.225992 0.067855 0.059229 0.002875 0.000575 0.001725
0.029327 0.034503 0.002300 0.025302 0.177113 0.066130 0.059804 0.004025 0.000575 0.003450
0.034503 0.031627 0.001725 0.025877 0.155262 0.065555 0.058654 0.004025 0.000575 0.001725
0.037953 0.034503 0.003450 0.033928 0.124784 0.058079 0.042553 0.002875 0.002300 0.001150
0.036228 0.029902 0.003450 0.033353 0.129385 0.052904 0.037953 0.004025 0.000575 0.002300
0.035078 0.029902 0.002300 0.035653 0.129385 0.050029 0.029327 0.004600 0.001150 0.002300
0.035653 0.031052 0.002300 0.034503 0.135135 0.054629 0.020702 0.004600 0.001150 0.003450
0.037953 0.024152 0.004600 0.036803 0.144336 0.055779 0.015526 0.002875 0.002300 0.003450
0.039103 0.024727 0.005175 0.035078 0.150086 0.054629 0.017251 0.004025 0.001725 0.004025
0.039103 0.026452 0.004600 0.036228 0.157562 0.053479 0.012076 0.002875 0.001150 0.005750
0.045428 0.028752 0.002875 0.036228 0.163887 0.054629 0.010351 0.002875 0.002300 0.006325
0.048304 0.025877 0.003450 0.032777 0.158137 0.054629 0.009776 0.003450 0.002300 0.006325
0.051179 0.028177 0.002300 0.032777 0.153537 0.055204 0.005750 0.002875 0.001725 0.003450
0.047729 0.032202 0.002875 0.031627 0.163887 0.054629 0.008051 0.002300 0.001725 0.003450
0.049454 0.033353 0.002875 0.029327 0.166187 0.051754 0.006901 0.002875 0.002300 0.004025
0.047154 0.047729 0.004025 0.028177 0.150661 0.056354 0.008051 0.003450 0.001150 0.005175
0.050029 0.046578 0.004600 0.030477 0.147211 0.051754 0.010351 0.002300 0.000575 0.005750
0.052329 0.044853 0.003450 0.033353 0.151236 0.052329 0.012651 0.002300 0.000575 0.005750
0.054629 0.041978 0.001725 0.032202 0.156987 0.054054 0.016101 0.001725 0.001150 0.006325
0.055779 0.048879 0.001150 0.031627 0.161012 0.055204 0.014376 0.001725 0.000000 0.006901
0.056354 0.050029 0.001150 0.032202 0.159287 0.055204 0.014951 0.002300 0.000575 0.008626
0.055204 0.083381 0.002875 0.029902 0.167913 0.060380 0.010351 0.002875 0.001725 0.014376
0.051179 0.086256 0.002300 0.027602 0.169063 0.060380 0.010351 0.002875 0.001150 0.012076
0.050029 0.095457 0.002300 0.027027 0.170213 0.062680 0.014951 0.001150 0.001150 0.011501
0.046578 0.110983 0.001725 0.023002 0.169638 0.064980 0.018401 0.001150 0.001150 0.008626
0.048304 0.123634 0.001725 0.019551 0.167913 0.064405 0.021852 0.001725 0.000575 0.009201
0.050029 0.136860 0.002300 0.018401 0.163887 0.060955 0.017826 0.001150 0.000000 0.009776
0.040253 0.133410 0.002300 0.013226 0.187464 0.062680 0.018976 0.001150 0.001150 0.007476
0.038528 0.123634 0.002300 0.010926 0.193790 0.061530 0.022427 0.001725 0.001725 0.008626
0.039678 0.116159 0.004025 0.010926 0.197240 0.052904 0.029902 0.000575 0.000575 0.006325
0.036228 0.101783 0.002875 0.008051 0.215066 0.046003 0.035078 0.001150 0.000575 0.009776
0.034503 0.090857 0.002300 0.008626 0.225417 0.037378 0.054629 0.002300 0.000000 0.016101
0.035078 0.088557 0.002875 0.009201 0.245543 0.035653 0.058654 0.002875 0.002300 0.013226
0.026452 0.051754 0.001725 0.008051 0.384704 0.036228 0.039103 0.002875 0.002300 0.017826
0.027027 0.055779 0.000575 0.008626 0.388154 0.034503 0.040253 0.001725 0.001150 0.016676
0.026452 0.050604 0.000575 0.008626 0.404255 0.029902 0.040828 0.000575 0.001150 0.018976
0.030477 0.041978 0.000575 0.008051 0.435308 0.026452 0.041403 0.000575 0.000575 0.018401
0.036228 0.031627 0.000575 0.006901 0.429557 0.028177 0.050604 0.000575 0.000575 0.016676
0.037953 0.029327 0.000575 0.006901 0.438758 0.028177 0.049454 0.002875 0.000000 0.017826
0.041403 0.020702 0.001150 0.009776 0.492237 0.027602 0.034503 0.000575 0.001725 0.023002
0.043703 0.014376 0.000575 0.010351 0.510063 0.027602 0.033353 0.001725 0.001150 0.025877
0.046003 0.017826 0.001725 0.009201 0.528465 0.026452 0.032202 0.002875 0.000000 0.026452
0.045428 0.011501 0.000575 0.010351 0.557792 0.020702 0.026452 0.002300 0.001725 0.025302
0.043128 0.016101 0.001150 0.011501 0.584244 0.017826 0.018976 0.001150 0.000575 0.023577
0.041403 0.014376 0.002300 0.010926 0.603795 0.018401 0.016676 0.000575 0.001150 0.020702
0.041978 0.010926 0.000575 0.008626 0.623922 0.018401 0.013226 0.001150 0.002875 0.016676
0.041978 0.009201 0.000000 0.006325 0.634273 0.015526 0.011501 0.000575 0.001150 0.018401
0.041403 0.006325 0.000000 0.005750 0.652099 0.016676 0.007476 0.001725 0.000000 0.014376
0.036228 0.008051 0.000000 0.005750 0.662450 0.016101 0.006901 0.001725 0.000575 0.012076
0.035078 0.006325 0.000000 0.004600 0.660150 0.014376 0.005750 0.001150 0.000575 0.012076
0.034503 0.006325 0.000000 0.004600 0.655549 0.014951 0.004600 0.003450 0.000000 0.012076
0.032777 0.005175 0.000000 0.003450 0.588844 0.014951 0.003450 0.004600 0.001150 0.013226
0.033353 0.002300 0.000000 0.004025 0.566417 0.013801 0.002875 0.001725 0.001150 0.011501
0.035078 0.003450 0.000000 0.004025 0.551466 0.011501 0.002875 0.001725 0.000575 0.009201
0.033353 0.003450 0.000000 0.002300 0.504313 0.012076 0.000575 0.001725 0.000575 0.009201
0.035078 0.002875 0.000000 0.002300 0.453709 0.012651 0.001150 0.001150 0.000575 0.014376
0.032777 0.002875 0.000000 0.002875 0.415756 0.010926 0.003450 0.001150 0.000575 0.014376
0.033353 0.005175 0.000000 0.001725 0.311098 0.012651 0.001725 0.000000 0.000000 0.012651
0.030477 0.002300 0.000000 0.001150 0.282921 0.010351 0.001150 0.000575 0.000000 0.008626
0.031052 0.002875 0.000000 0.001150 0.258769 0.010351 0.001150 0.000000 0.000000 0.005175
0.028177 0.002875 0.000000 0.001725 0.215066 0.006901 0.001725 0.001150 0.000000 0.004025
0.025302 0.002300 0.000000 0.000575 0.193790 0.006901 0.001725 0.001725 0.000000 0.002875
0.024727 0.000575 0.000000 0.001150 0.177688 0.006325 0.000575 0.001150 0.000575 0.004600
0.020702 0.000575 0.000000 0.001150 0.128810 0.007476 0.000575 0.000575 0.001150 0.003450
0.018976 0.000000 0.000000 0.000000 0.116159 0.006901 0.000575 0.000000 0.000575 0.002875
0.018976 0.000000 0.000000 0.000000 0.109833 0.005175 0.002875 0.000575 0.000000 0.004025
0.016101 0.001150 0.000000 0.000000 0.097182 0.004025 0.003450 0.000000 0.000000 0.001725
0.015526 0.000575 0.000000 0.000000 0.089707 0.004025 0.002875 0.000000 0.000575 0.001150
0.013801 0.000575 0.000000 0.000000 0.082231 0.002875 0.002875 0.000000 0.000000 0.002300
0.011501 0.001150 0.000000 0.000000 0.063255 0.004025 0.001725 0.001150 0.000000 0.000000
0.012076 0.000000 0.000000 0.000000 0.057504 0.004600 0.000575 0.000575 0.000000 0.001150
0.011501 0.000000 0.000000 0.000000 0.054054 0.004600 0.000575 0.000575 0.000000 0.001725
0.010351 0.000000 0.000000 0.000000 0.050029 0.003450 0.000000 0.000575 0.000000 0.000575
0.009201 0.000000 0.000000 0.000000 0.040828 0.003450 0.000000 0.000575 0.000000 0.000575
0.008051 0.000000 0.000000 0.000000 0.037378 0.003450 0.000575 0.000575 0.000000 0.000575
0.006325 0.000000 0.000000 0.000000 0.025877 0.002875 0.000575 0.001150 0.000000 0.000575
0.006901 0.000000 0.000000 0.000000 0.024152 0.002875 0.000000 0.000575 0.000000 0.000575
0.005175 0.000000 0.000000 0.000000 0.021277 0.002875 0.000000 0.000575 0.000000 0.000575
0.005175 0.000000 0.000000 0.000000 0.020702 0.002300 0.000575 0.000575 0.000000 0.000575
0.004600 0.000575 0.000000 0.000000 0.019551 0.001725 0.001150 0.000575 0.000000 0.000000
0.002875 0.000575 0.000000 0.000000 0.019551 0.001150 0.001150 0.000000 0.000000 0.000000
0.002875 0.000575 0.000000 0.000000 0.017826 0.000575 0.001725 0.000000 0.000000 0.000575
0.002875 0.000575 0.000000 0.000000 0.017251 0.001150 0.001150 0.000000 0.000000 0.000000
0.002875 0.000000 0.000000 0.000000 0.017251 0.001150 0.000575 0.000000 0.000000 0.000000
0.002875 0.000000 0.000000 0.000000 0.016101 0.000575 0.000000 0.000000 0.000000 0.000000
0.002300 0.000000 0.000000 0.000000 0.014951 0.000575 0.000000 0.000000 0.000000 0.000575
0.002300 0.000000 0.000000 0.000000 0.014376 0.000575 0.000000 0.000000 0.000000 0.000000
