# the different columns denote the different activities
# ie. using pc (1), preparing food (2), vacuum cleaning (3), ironing (4), watching tv (5),
# listening audio (6), doing the dishes (7), washing laundry (8), drying laundry (9) and 
# taking shower or bath (10).

0.000506 0.000253 0.000000 0.000000 0.001266 0.000759 0.000000 0.000000 0.000000 0.000000
0.000506 0.000253 0.000000 0.000000 0.000759 0.000759 0.000000 0.000000 0.000000 0.000253
0.000506 0.000000 0.000000 0.000000 0.001012 0.000759 0.000000 0.000000 0.000000 0.000253
0.000506 0.000506 0.000000 0.000000 0.001012 0.001266 0.000000 0.000000 0.000253 0.000253
0.000506 0.000759 0.000000 0.000000 0.001266 0.001772 0.000000 0.000000 0.000000 0.000253
0.000253 0.001012 0.000000 0.000000 0.001266 0.002025 0.000000 0.000000 0.000000 0.000253
0.000506 0.000253 0.000000 0.000000 0.001519 0.001519 0.000000 0.000253 0.000000 0.000759
0.000759 0.001266 0.000000 0.000000 0.001519 0.002025 0.000000 0.000000 0.000000 0.001012
0.000759 0.001519 0.000000 0.000000 0.001772 0.002531 0.000000 0.000000 0.000000 0.000759
0.000759 0.001266 0.000000 0.000253 0.001519 0.002784 0.000000 0.000000 0.000000 0.001012
0.000759 0.001266 0.000000 0.000000 0.001772 0.002784 0.000000 0.000253 0.000000 0.001519
0.001266 0.001012 0.000000 0.000000 0.001266 0.002784 0.000000 0.000000 0.000000 0.001012
0.000759 0.002278 0.000000 0.000000 0.002025 0.005315 0.000253 0.000000 0.000000 0.001772
0.000253 0.005821 0.000000 0.000253 0.002784 0.005821 0.000253 0.000000 0.000000 0.004809
0.000506 0.006581 0.000000 0.000253 0.002784 0.006834 0.000759 0.000759 0.000253 0.005062
0.000253 0.004809 0.000000 0.000253 0.002531 0.012908 0.001772 0.000506 0.000000 0.007593
0.000506 0.009112 0.000000 0.000506 0.001772 0.017970 0.001519 0.000506 0.000253 0.009112
0.000506 0.010377 0.000000 0.000506 0.002025 0.018729 0.001772 0.000759 0.000253 0.009365
0.001012 0.012402 0.000253 0.001012 0.004556 0.032650 0.000506 0.001266 0.000000 0.009365
0.001012 0.016958 0.000000 0.001012 0.005315 0.034422 0.001519 0.001772 0.000253 0.021514
0.000759 0.015945 0.000000 0.001266 0.005568 0.036953 0.002531 0.001012 0.000000 0.021260
0.001519 0.013414 0.000253 0.000506 0.007087 0.040496 0.002784 0.000759 0.000253 0.024551
0.002531 0.016958 0.000000 0.001519 0.008859 0.045558 0.003797 0.001266 0.000253 0.029866
0.003290 0.019995 0.000000 0.002278 0.010883 0.046570 0.005062 0.000506 0.000506 0.023285
0.004050 0.016958 0.001012 0.001772 0.012149 0.065553 0.006074 0.001266 0.000000 0.028600
0.005062 0.022273 0.001519 0.003037 0.014427 0.064541 0.008099 0.000506 0.000253 0.036953
0.005821 0.021007 0.002278 0.004303 0.012655 0.063275 0.011896 0.001772 0.000506 0.030372
0.007593 0.021767 0.002784 0.004303 0.013667 0.073146 0.013667 0.004050 0.000759 0.030372
0.008352 0.027082 0.003290 0.005821 0.014680 0.073905 0.015692 0.003797 0.001266 0.038977
0.009618 0.021767 0.003797 0.006074 0.015439 0.078967 0.017211 0.004556 0.000506 0.034169
0.008605 0.024804 0.003037 0.009112 0.014680 0.086560 0.014680 0.005062 0.000759 0.034422
0.010377 0.028094 0.002278 0.011136 0.017464 0.085042 0.015945 0.004050 0.001519 0.044546
0.011643 0.029613 0.004809 0.010630 0.022020 0.078461 0.016958 0.006074 0.002025 0.037206
0.012402 0.028094 0.006328 0.011643 0.021514 0.078714 0.017464 0.006328 0.001519 0.030878
0.015186 0.025310 0.007593 0.012149 0.025057 0.075930 0.021260 0.006834 0.001772 0.033915
0.016198 0.025057 0.006581 0.014427 0.028094 0.073146 0.021767 0.004556 0.001266 0.026322
0.017464 0.028094 0.005062 0.014680 0.029866 0.073146 0.017464 0.008352 0.001012 0.030625
0.021007 0.031891 0.006834 0.016705 0.034422 0.074665 0.013921 0.008352 0.001266 0.035940
0.022526 0.029866 0.007593 0.017211 0.037206 0.075424 0.014427 0.007340 0.001519 0.029360
0.022020 0.035434 0.007340 0.019742 0.034928 0.072640 0.012908 0.005568 0.001266 0.023538
0.027588 0.037965 0.006074 0.022020 0.038977 0.076436 0.012908 0.005062 0.001266 0.021260
0.028600 0.039737 0.006074 0.021260 0.041002 0.073399 0.011390 0.005315 0.001266 0.020501
0.030119 0.066819 0.006074 0.019236 0.049608 0.072893 0.013161 0.004556 0.000759 0.024045
0.035434 0.071121 0.007593 0.020248 0.054164 0.068084 0.010630 0.003797 0.001012 0.024551
0.036193 0.087067 0.008605 0.019742 0.059226 0.070109 0.007340 0.004556 0.001012 0.019489
0.036953 0.108833 0.007593 0.018729 0.066312 0.070868 0.007340 0.006074 0.001772 0.018983
0.036700 0.120729 0.006074 0.017464 0.070868 0.071881 0.008099 0.004303 0.001772 0.017211
0.037712 0.128575 0.006834 0.015439 0.072640 0.073146 0.009365 0.004050 0.001519 0.016958
0.028853 0.122501 0.005315 0.010630 0.084029 0.079474 0.006074 0.003290 0.001012 0.014427
0.030372 0.114655 0.005315 0.009112 0.089344 0.080486 0.011136 0.002025 0.001772 0.012402
0.032144 0.106302 0.003797 0.009871 0.090863 0.077702 0.017464 0.001519 0.001012 0.010630
0.030372 0.080992 0.002025 0.007593 0.101493 0.072134 0.032397 0.001772 0.000253 0.007340
0.032397 0.071881 0.003037 0.007340 0.114401 0.069603 0.054417 0.002278 0.000000 0.009365
0.033662 0.060491 0.003797 0.007087 0.124019 0.068590 0.064794 0.003037 0.000253 0.009618
0.030119 0.043533 0.003543 0.006074 0.211339 0.077449 0.050873 0.002025 0.000759 0.007087
0.034675 0.035940 0.003290 0.005821 0.221716 0.069603 0.051379 0.002531 0.001012 0.007593
0.033662 0.030119 0.004303 0.008605 0.216401 0.064288 0.050367 0.002531 0.000759 0.006834
0.035940 0.027841 0.004556 0.011136 0.181220 0.058213 0.049608 0.003797 0.000759 0.005568
0.038724 0.024298 0.004556 0.014427 0.132372 0.056948 0.052139 0.003797 0.001519 0.005315
0.039990 0.022273 0.004050 0.015439 0.122501 0.055429 0.050114 0.003797 0.000506 0.005315
0.038471 0.023285 0.005568 0.021260 0.107315 0.055935 0.039484 0.005821 0.001266 0.007087
0.039737 0.022526 0.005315 0.023791 0.107568 0.056695 0.028853 0.004050 0.001266 0.008605
0.041002 0.021007 0.004809 0.023285 0.110605 0.054670 0.028600 0.004050 0.000759 0.006834
0.044799 0.015945 0.003543 0.023032 0.113136 0.047836 0.019742 0.003797 0.000759 0.006834
0.044039 0.017464 0.002531 0.023032 0.116173 0.045811 0.017970 0.002531 0.001266 0.006074
0.042015 0.018983 0.003037 0.021260 0.119717 0.041508 0.013921 0.003797 0.000759 0.005315
0.043280 0.017464 0.002531 0.022273 0.119717 0.041002 0.013161 0.005568 0.000759 0.007846
0.046570 0.015186 0.002784 0.023791 0.119463 0.038218 0.012402 0.003797 0.000506 0.007340
0.048089 0.017717 0.003543 0.023285 0.120476 0.036953 0.010883 0.001772 0.000506 0.006074
0.047330 0.017464 0.004809 0.022526 0.122501 0.034928 0.010377 0.002025 0.001266 0.005568
0.048848 0.019742 0.004303 0.022020 0.121488 0.034422 0.007846 0.003037 0.001266 0.004050
0.049608 0.020501 0.004556 0.021767 0.120223 0.034169 0.006074 0.002784 0.001012 0.002784
0.045558 0.030119 0.004050 0.021260 0.112630 0.038724 0.006581 0.004809 0.001266 0.005062
0.045558 0.031638 0.004556 0.021260 0.117692 0.037965 0.006834 0.003290 0.001012 0.005821
0.049101 0.036193 0.004303 0.020501 0.122754 0.036953 0.009112 0.003037 0.001519 0.006074
0.049608 0.041255 0.003037 0.020754 0.125032 0.041002 0.007593 0.003290 0.001519 0.007087
0.052139 0.041255 0.002278 0.020754 0.126297 0.041255 0.006328 0.003290 0.000506 0.009618
0.051632 0.044039 0.002025 0.021007 0.128828 0.042015 0.006581 0.003797 0.000759 0.008099
0.044039 0.062516 0.001266 0.018476 0.124019 0.048089 0.006328 0.003543 0.000759 0.013414
0.047077 0.064034 0.001519 0.020501 0.128069 0.047077 0.007087 0.002784 0.000759 0.015692
0.048089 0.067578 0.001772 0.020501 0.131612 0.046824 0.007846 0.000253 0.000506 0.013921
0.047836 0.076943 0.001772 0.017464 0.141230 0.049355 0.010124 0.000506 0.001012 0.013667
0.048342 0.080233 0.001519 0.017211 0.152366 0.049861 0.012149 0.001266 0.000253 0.013667
0.045558 0.086054 0.001266 0.016198 0.156163 0.049355 0.016958 0.002531 0.000253 0.011390
0.041762 0.097444 0.001266 0.013161 0.169830 0.047583 0.017464 0.001266 0.001266 0.015439
0.042774 0.093900 0.001012 0.014680 0.176158 0.046570 0.015945 0.001266 0.000506 0.015692
0.042521 0.089091 0.001012 0.013667 0.184004 0.043786 0.021007 0.001519 0.000253 0.013921
0.041762 0.080233 0.001266 0.010377 0.202480 0.040749 0.026322 0.001266 0.000253 0.013667
0.044799 0.076943 0.002025 0.008859 0.214376 0.039231 0.033662 0.001012 0.000253 0.012908
0.042774 0.069603 0.001519 0.009618 0.223741 0.036953 0.039737 0.001772 0.000759 0.013161
0.030878 0.063022 0.001266 0.006834 0.323969 0.033156 0.028600 0.001519 0.000253 0.013667
0.031891 0.054417 0.000506 0.007340 0.338648 0.032903 0.028853 0.000506 0.000000 0.015439
0.034422 0.043533 0.001266 0.008099 0.344976 0.030372 0.030372 0.001519 0.000000 0.013667
0.034675 0.037712 0.001519 0.009112 0.364718 0.025816 0.030878 0.001519 0.000253 0.010630
0.036446 0.031891 0.001266 0.008099 0.370286 0.023791 0.033915 0.001772 0.000759 0.013414
0.039737 0.028853 0.001012 0.007340 0.378891 0.021767 0.038218 0.001772 0.000759 0.016958
0.043027 0.022779 0.000506 0.008099 0.404961 0.022020 0.029866 0.000759 0.000506 0.022779
0.042774 0.020248 0.000506 0.008099 0.423943 0.022779 0.026322 0.001519 0.000759 0.021260
0.046064 0.018983 0.000759 0.009112 0.448494 0.020248 0.022020 0.002784 0.000506 0.020501
0.047583 0.015945 0.000506 0.010377 0.464186 0.019995 0.018729 0.002278 0.001012 0.018729
0.048089 0.011896 0.000506 0.009618 0.484181 0.020501 0.018983 0.000759 0.001012 0.014680
0.045811 0.009618 0.000759 0.009365 0.506960 0.020248 0.016958 0.001266 0.000506 0.012402
0.044293 0.010377 0.000253 0.007846 0.524677 0.021260 0.010883 0.001772 0.000506 0.014933
0.042774 0.006328 0.000000 0.007340 0.550747 0.020754 0.011136 0.001772 0.000253 0.015186
0.039231 0.005062 0.000253 0.007593 0.555809 0.020754 0.008352 0.001519 0.000759 0.014933
0.036700 0.005315 0.000000 0.007593 0.560364 0.018729 0.006328 0.002278 0.000253 0.014680
0.036700 0.004809 0.000000 0.007340 0.557833 0.018476 0.006581 0.002025 0.001266 0.014427
0.036700 0.003797 0.000000 0.005821 0.551506 0.017970 0.007087 0.002531 0.000759 0.011643
0.032397 0.002531 0.000253 0.004556 0.490256 0.016198 0.006581 0.001266 0.000506 0.016198
0.031638 0.002278 0.000253 0.004303 0.482410 0.016705 0.006834 0.001012 0.000506 0.018476
0.032397 0.001772 0.000506 0.003797 0.464692 0.016198 0.006581 0.002025 0.000759 0.015186
0.030372 0.002278 0.000253 0.003797 0.416350 0.014427 0.004303 0.002278 0.000253 0.011390
0.029107 0.002531 0.000000 0.003543 0.372311 0.014174 0.003543 0.001266 0.000506 0.011896
0.026576 0.002784 0.000000 0.004303 0.337383 0.011896 0.004050 0.000759 0.000506 0.016452
0.021007 0.002025 0.000000 0.002531 0.231081 0.008352 0.001772 0.000759 0.000759 0.011896
0.019236 0.001012 0.000000 0.002278 0.205264 0.007846 0.002278 0.001266 0.000253 0.012655
0.017717 0.000759 0.000000 0.002784 0.188560 0.005568 0.002278 0.000253 0.000253 0.011136
0.015439 0.000506 0.000000 0.001266 0.158188 0.004556 0.001772 0.000253 0.000253 0.008352
0.013161 0.000506 0.000000 0.001519 0.128322 0.004303 0.001772 0.000253 0.000253 0.006834
0.011390 0.000759 0.000000 0.001012 0.112883 0.004556 0.001266 0.000506 0.000000 0.004303
0.008859 0.000506 0.000000 0.000253 0.071881 0.003037 0.000759 0.000000 0.000506 0.003037
0.008099 0.000000 0.000000 0.000253 0.061250 0.002025 0.000506 0.000506 0.000000 0.002784
0.007087 0.000000 0.000000 0.000253 0.052139 0.001519 0.000506 0.000253 0.000253 0.001772
0.004809 0.000000 0.000000 0.000253 0.041255 0.001266 0.000506 0.000253 0.000000 0.001266
0.003797 0.000000 0.000000 0.000253 0.033156 0.000759 0.000253 0.000253 0.000000 0.000506
0.003290 0.000000 0.000000 0.000000 0.025057 0.001012 0.000253 0.000253 0.000000 0.000759
0.002025 0.000000 0.000000 0.000000 0.011643 0.001012 0.000000 0.000000 0.000000 0.000759
0.002278 0.000253 0.000000 0.000000 0.010377 0.001012 0.000000 0.000253 0.000000 0.000506
0.002784 0.000000 0.000000 0.000000 0.008352 0.000759 0.000000 0.000000 0.000000 0.000506
0.002025 0.000000 0.000000 0.000000 0.006074 0.000759 0.000000 0.000000 0.000000 0.000253
0.001266 0.000000 0.000000 0.000000 0.004050 0.000506 0.000000 0.000000 0.000000 0.000506
0.000759 0.000000 0.000000 0.000000 0.003543 0.000506 0.000000 0.000000 0.000000 0.000506
0.000759 0.000000 0.000000 0.000000 0.002531 0.000506 0.000000 0.000000 0.000000 0.000253
0.000759 0.000000 0.000000 0.000000 0.002278 0.000253 0.000000 0.000000 0.000000 0.000253
0.000759 0.000000 0.000000 0.000000 0.001772 0.000253 0.000000 0.000000 0.000000 0.000253
0.000759 0.000000 0.000000 0.000000 0.001772 0.000506 0.000000 0.000000 0.000000 0.000506
0.000506 0.000000 0.000000 0.000000 0.001519 0.000253 0.000000 0.000000 0.000000 0.000253
0.000506 0.000000 0.000000 0.000000 0.001266 0.000253 0.000000 0.000000 0.000000 0.000253
0.000253 0.000253 0.000000 0.000000 0.001519 0.000000 0.000000 0.000000 0.000000 0.000253
0.000253 0.000000 0.000000 0.000000 0.001266 0.000000 0.000000 0.000000 0.000000 0.000253
0.000253 0.000000 0.000000 0.000000 0.001012 0.000000 0.000000 0.000000 0.000000 0.000253
0.000253 0.000000 0.000000 0.000000 0.001012 0.000000 0.000000 0.000000 0.000000 0.000506
0.000253 0.000253 0.000000 0.000000 0.001012 0.000000 0.000000 0.000000 0.000000 0.000253
0.000253 0.000000 0.000000 0.000000 0.001012 0.000000 0.000000 0.000000 0.000000 0.000000
