# the different columns denote the different activities
# ie. using pc (1), preparing food (2), vacuum cleaning (3), ironing (4), watching tv (5),
# listening audio (6), doing the dishes (7), washing laundry (8), drying laundry (9) and 
# taking shower or bath (10).

0.000000 0.000000 0.000000 0.000000 0.000698 0.000000 0.000000 0.000000 0.000000 0.000698
0.000698 0.000000 0.000000 0.000000 0.001396 0.000698 0.000000 0.000000 0.000000 0.002094
0.000698 0.000000 0.000000 0.000000 0.001396 0.000698 0.000000 0.000000 0.000000 0.000000
0.000698 0.000000 0.000000 0.000000 0.000698 0.000698 0.000000 0.000000 0.000000 0.000698
0.000698 0.000000 0.000000 0.000000 0.000698 0.000698 0.000000 0.000000 0.000000 0.000698
0.000698 0.000000 0.000000 0.000000 0.001396 0.000000 0.000000 0.000000 0.000000 0.000698
0.000698 0.000698 0.000000 0.000000 0.001396 0.000698 0.000000 0.000000 0.000000 0.000000
0.000698 0.000698 0.000000 0.000000 0.000000 0.000698 0.000000 0.000000 0.000000 0.000000
0.000698 0.000698 0.000000 0.000000 0.001396 0.000698 0.000000 0.000000 0.000000 0.000000
0.000000 0.000698 0.000000 0.000698 0.001396 0.000698 0.000000 0.000698 0.000000 0.000000
0.000000 0.001396 0.000000 0.000000 0.001396 0.000698 0.000000 0.000000 0.000000 0.000698
0.000698 0.000000 0.000000 0.000000 0.000000 0.000698 0.000698 0.000000 0.000000 0.000698
0.000698 0.000000 0.000000 0.000000 0.002094 0.000000 0.000698 0.000000 0.000000 0.000000
0.000698 0.000000 0.000000 0.000000 0.001396 0.000000 0.000698 0.000000 0.000000 0.000698
0.000698 0.000000 0.000000 0.000000 0.001396 0.000000 0.000698 0.000000 0.000000 0.001396
0.000698 0.000000 0.000000 0.000000 0.002094 0.002094 0.001396 0.000000 0.000000 0.001396
0.000698 0.001396 0.000000 0.000000 0.002094 0.003489 0.000698 0.000000 0.000000 0.004187
0.000698 0.001396 0.000000 0.000000 0.002094 0.005583 0.000000 0.000000 0.000000 0.002094
0.000000 0.001396 0.000000 0.000000 0.004187 0.009072 0.001396 0.000000 0.000000 0.007676
0.000000 0.002791 0.000000 0.000000 0.004187 0.007676 0.000000 0.000000 0.000000 0.010468
0.000000 0.004885 0.000000 0.000698 0.003489 0.010468 0.000698 0.000000 0.000000 0.009072
0.000698 0.003489 0.000000 0.000000 0.004187 0.017446 0.000698 0.000000 0.000000 0.013259
0.000698 0.012561 0.000000 0.000000 0.002094 0.018842 0.002094 0.000698 0.000000 0.018144
0.000698 0.008374 0.000000 0.000000 0.004885 0.021633 0.002791 0.000698 0.000000 0.015352
0.001396 0.012561 0.000000 0.002094 0.006281 0.042568 0.003489 0.000698 0.000000 0.022331
0.000698 0.016748 0.000698 0.002094 0.010468 0.045359 0.002791 0.001396 0.000000 0.026518
0.002094 0.011863 0.000698 0.002791 0.013259 0.048151 0.006281 0.001396 0.000000 0.027216
0.002094 0.009770 0.000698 0.002094 0.015352 0.053036 0.006978 0.000698 0.000000 0.029309
0.004187 0.016050 0.000000 0.000698 0.019539 0.051640 0.010468 0.000000 0.000698 0.032798
0.006978 0.013259 0.001396 0.000698 0.018842 0.052338 0.006281 0.002094 0.001396 0.032100
0.004885 0.018144 0.002791 0.002791 0.017446 0.066294 0.009072 0.003489 0.000000 0.041172
0.007676 0.020237 0.002094 0.003489 0.020237 0.062805 0.006281 0.001396 0.000698 0.046755
0.009770 0.015352 0.002791 0.006978 0.021633 0.060014 0.004885 0.002791 0.000000 0.043266
0.009072 0.017446 0.002791 0.006281 0.021633 0.057223 0.009770 0.003489 0.000698 0.053036
0.013259 0.016050 0.002094 0.008374 0.022331 0.054431 0.009072 0.002791 0.000698 0.053036
0.011863 0.021633 0.003489 0.009770 0.020237 0.048151 0.006281 0.003489 0.002094 0.042568
0.013957 0.021633 0.001396 0.011165 0.025122 0.051640 0.013259 0.007676 0.000698 0.035590
0.014655 0.020237 0.004885 0.012561 0.024424 0.051640 0.017446 0.005583 0.001396 0.039079
0.018144 0.021633 0.005583 0.011165 0.025122 0.053733 0.017446 0.004187 0.001396 0.035590
0.018144 0.021633 0.002094 0.006978 0.027913 0.052338 0.011863 0.005583 0.000000 0.032798
0.017446 0.020237 0.002094 0.006978 0.031403 0.053036 0.011165 0.005583 0.000000 0.034194
0.018842 0.025122 0.004187 0.007676 0.033496 0.047453 0.014655 0.002791 0.000000 0.031403
0.018144 0.027913 0.003489 0.005583 0.045359 0.043964 0.011165 0.003489 0.001396 0.032100
0.021633 0.036288 0.004187 0.008374 0.048151 0.044662 0.006978 0.005583 0.000000 0.028611
0.021633 0.048849 0.004187 0.007676 0.046755 0.043964 0.011165 0.004187 0.000698 0.023726
0.026518 0.058618 0.001396 0.006978 0.044662 0.043964 0.008374 0.001396 0.000698 0.026518
0.028611 0.072575 0.002094 0.010468 0.046057 0.043266 0.009072 0.003489 0.000000 0.025820
0.032100 0.078856 0.002791 0.008374 0.043964 0.044662 0.010468 0.000698 0.001396 0.020237
0.033496 0.057223 0.001396 0.004885 0.045359 0.043964 0.006978 0.001396 0.000698 0.024424
0.027216 0.053036 0.001396 0.003489 0.051640 0.041172 0.008374 0.000000 0.001396 0.018144
0.028611 0.051640 0.002094 0.003489 0.063503 0.042568 0.014655 0.000000 0.000000 0.012561
0.023726 0.042568 0.001396 0.003489 0.063503 0.041172 0.027216 0.001396 0.001396 0.013259
0.024424 0.038381 0.002791 0.004187 0.062805 0.044662 0.030007 0.002094 0.000698 0.013259
0.024424 0.034194 0.002094 0.004187 0.068388 0.042568 0.031403 0.000698 0.000698 0.012561
0.019539 0.028611 0.002094 0.004885 0.111654 0.045359 0.025820 0.002094 0.001396 0.006978
0.019539 0.023029 0.002791 0.006281 0.115841 0.037683 0.025820 0.003489 0.000000 0.011165
0.021633 0.018842 0.001396 0.004187 0.112352 0.034892 0.024424 0.004885 0.000000 0.009770
0.016748 0.016748 0.000000 0.003489 0.094208 0.032100 0.030007 0.002791 0.000698 0.006978
0.020237 0.013259 0.000698 0.004187 0.064201 0.031403 0.032798 0.001396 0.001396 0.006978
0.021633 0.012561 0.001396 0.005583 0.054431 0.031403 0.030705 0.001396 0.000698 0.004885
0.022331 0.009770 0.001396 0.004885 0.041870 0.028611 0.022331 0.002791 0.000698 0.007676
0.020935 0.007676 0.000698 0.004187 0.036985 0.026518 0.013259 0.002791 0.000000 0.004885
0.019539 0.004187 0.001396 0.003489 0.039079 0.023029 0.010468 0.001396 0.000698 0.004187
0.016748 0.002791 0.002094 0.004187 0.041172 0.019539 0.011165 0.002094 0.000698 0.004187
0.018144 0.004885 0.001396 0.003489 0.041172 0.012561 0.012561 0.001396 0.000698 0.002791
0.016748 0.004187 0.001396 0.003489 0.040475 0.012561 0.012561 0.000000 0.000698 0.001396
0.015352 0.005583 0.000698 0.003489 0.036985 0.015352 0.003489 0.000698 0.000000 0.003489
0.018842 0.003489 0.000698 0.004187 0.041172 0.015352 0.003489 0.001396 0.000000 0.004885
0.020935 0.004187 0.000698 0.004187 0.037683 0.016748 0.002791 0.002094 0.000000 0.005583
0.021633 0.008374 0.000000 0.004885 0.036288 0.018842 0.003489 0.000698 0.000698 0.004885
0.020935 0.006978 0.001396 0.003489 0.036288 0.016050 0.004187 0.000698 0.000000 0.004885
0.019539 0.006281 0.001396 0.003489 0.036985 0.015352 0.004187 0.000698 0.000000 0.002094
0.017446 0.009072 0.001396 0.005583 0.049546 0.013957 0.004187 0.000698 0.000000 0.002094
0.018842 0.010468 0.001396 0.006281 0.055827 0.012561 0.004187 0.000000 0.001396 0.001396
0.020237 0.009770 0.000698 0.006281 0.063503 0.015352 0.004885 0.003489 0.000000 0.002094
0.022331 0.012561 0.000698 0.008374 0.070482 0.015352 0.006281 0.001396 0.000698 0.002791
0.022331 0.016050 0.001396 0.008374 0.076064 0.018144 0.006281 0.000000 0.000000 0.001396
0.022331 0.017446 0.002094 0.009770 0.080251 0.020237 0.003489 0.000698 0.000000 0.000698
0.025122 0.025820 0.000000 0.006978 0.078158 0.018842 0.002094 0.002791 0.000000 0.003489
0.029309 0.027913 0.000000 0.006978 0.076762 0.019539 0.002094 0.004885 0.000698 0.007676
0.032798 0.036288 0.000000 0.009072 0.088625 0.018842 0.000698 0.002791 0.000000 0.005583
0.033496 0.039079 0.000000 0.008374 0.101186 0.023029 0.002791 0.002094 0.000698 0.009770
0.033496 0.041172 0.000000 0.006281 0.104676 0.025820 0.004187 0.002791 0.001396 0.012561
0.034892 0.046755 0.000698 0.006978 0.108165 0.030007 0.007676 0.002094 0.000698 0.010468
0.030705 0.053036 0.000698 0.007676 0.126308 0.036288 0.013957 0.002094 0.001396 0.011863
0.032100 0.055129 0.000698 0.008374 0.122819 0.030007 0.012561 0.001396 0.000000 0.011165
0.033496 0.063503 0.002791 0.009770 0.133287 0.030705 0.015352 0.002094 0.000698 0.009770
0.028611 0.060014 0.002791 0.010468 0.157711 0.031403 0.018144 0.004885 0.000000 0.006978
0.028611 0.055129 0.002791 0.008374 0.163992 0.034892 0.028611 0.001396 0.000000 0.009072
0.030007 0.056525 0.002094 0.006978 0.171668 0.033496 0.031403 0.002094 0.001396 0.007676
0.024424 0.049546 0.000698 0.006281 0.251919 0.030007 0.021633 0.002791 0.000698 0.008374
0.025820 0.043266 0.000698 0.006281 0.265876 0.025820 0.023029 0.001396 0.000698 0.011863
0.032798 0.035590 0.000000 0.005583 0.286113 0.021633 0.020935 0.000698 0.000000 0.013259
0.039777 0.038381 0.001396 0.005583 0.309839 0.021633 0.021633 0.002094 0.000698 0.014655
0.042568 0.032100 0.002094 0.006978 0.314724 0.020237 0.024424 0.001396 0.000698 0.020237
0.041172 0.030705 0.001396 0.005583 0.325890 0.022331 0.031403 0.001396 0.000000 0.017446
0.036985 0.020237 0.001396 0.005583 0.359386 0.016050 0.024424 0.002094 0.000000 0.015352
0.038381 0.017446 0.001396 0.007676 0.379623 0.012561 0.024424 0.001396 0.001396 0.014655
0.039777 0.013259 0.000698 0.008374 0.400558 0.013259 0.021633 0.000000 0.001396 0.012561
0.040475 0.009072 0.000000 0.011165 0.422889 0.012561 0.016748 0.000698 0.000698 0.020237
0.042568 0.004187 0.000000 0.011863 0.448011 0.014655 0.014655 0.001396 0.000000 0.025122
0.041172 0.004187 0.000000 0.011863 0.470342 0.011863 0.014655 0.002094 0.000000 0.015352
0.039079 0.004885 0.000000 0.010468 0.475925 0.011863 0.012561 0.002094 0.000698 0.014655
0.041172 0.004885 0.000000 0.011863 0.503140 0.011165 0.009072 0.001396 0.000698 0.013259
0.036985 0.004885 0.000000 0.007676 0.504536 0.011863 0.006978 0.001396 0.000698 0.015352
0.036288 0.004885 0.000000 0.006281 0.505234 0.013957 0.006281 0.001396 0.000698 0.018144
0.032798 0.004885 0.000000 0.005583 0.505932 0.014655 0.004885 0.002094 0.000000 0.017446
0.032798 0.005583 0.000000 0.007676 0.489184 0.013957 0.003489 0.000000 0.000000 0.013259
0.030007 0.002791 0.000000 0.006978 0.420796 0.012561 0.004187 0.002791 0.001396 0.014655
0.025820 0.002791 0.000000 0.006281 0.422889 0.011863 0.001396 0.002094 0.000000 0.013259
0.025820 0.002791 0.000000 0.004187 0.412421 0.011165 0.000698 0.000000 0.000000 0.014655
0.024424 0.002094 0.000000 0.003489 0.376134 0.010468 0.002791 0.001396 0.000000 0.013259
0.027216 0.002094 0.000000 0.002791 0.321005 0.009072 0.002791 0.000698 0.000000 0.016050
0.025820 0.002791 0.000000 0.003489 0.290998 0.008374 0.002791 0.001396 0.000000 0.016050
0.020935 0.001396 0.000000 0.001396 0.177251 0.009770 0.002791 0.000698 0.000698 0.010468
0.018144 0.000698 0.000000 0.001396 0.158409 0.006281 0.001396 0.000698 0.000000 0.009770
0.015352 0.000000 0.000000 0.000698 0.147244 0.004885 0.001396 0.001396 0.000000 0.006281
0.014655 0.000698 0.000000 0.000698 0.125611 0.005583 0.000698 0.000000 0.000698 0.004885
0.013259 0.000000 0.000000 0.001396 0.102582 0.003489 0.000000 0.000000 0.000000 0.004187
0.011165 0.000000 0.000000 0.000698 0.087927 0.002791 0.000698 0.000698 0.000000 0.005583
0.009072 0.000000 0.000000 0.000698 0.067690 0.003489 0.000000 0.000000 0.000000 0.002791
0.009072 0.000000 0.000000 0.000000 0.064899 0.002094 0.000000 0.000000 0.000000 0.002791
0.008374 0.000000 0.000000 0.000000 0.055129 0.002791 0.000000 0.000000 0.000000 0.002094
0.006281 0.000000 0.000000 0.000000 0.042568 0.002094 0.000000 0.000000 0.000000 0.001396
0.004885 0.000000 0.000000 0.000000 0.030705 0.002094 0.000000 0.000000 0.000000 0.001396
0.004885 0.000000 0.000000 0.000000 0.029309 0.002094 0.000000 0.000000 0.000000 0.000698
0.004885 0.000000 0.000000 0.000000 0.016050 0.000698 0.000000 0.000000 0.000000 0.000000
0.004187 0.000000 0.000000 0.000000 0.013259 0.000698 0.000000 0.000000 0.000000 0.000698
0.002791 0.000000 0.000000 0.000000 0.011165 0.000698 0.000000 0.000000 0.000000 0.000698
0.002094 0.000000 0.000000 0.000000 0.010468 0.000000 0.000000 0.000000 0.000000 0.000698
0.002094 0.000000 0.000000 0.000000 0.008374 0.000000 0.000000 0.000000 0.000000 0.000000
0.002094 0.000000 0.000000 0.000000 0.006978 0.000000 0.000000 0.000000 0.000000 0.000698
0.000000 0.000000 0.000000 0.000000 0.005583 0.000000 0.000000 0.000000 0.000000 0.000000
0.000000 0.000000 0.000000 0.000000 0.004187 0.000000 0.000000 0.000000 0.000000 0.000000
0.000000 0.000000 0.000000 0.000000 0.002094 0.000000 0.000000 0.000000 0.000000 0.000000
0.000000 0.000000 0.000000 0.000000 0.000698 0.000000 0.000000 0.000000 0.000000 0.000698
0.000000 0.000000 0.000000 0.000000 0.000698 0.000000 0.000000 0.000000 0.000000 0.000000
0.000000 0.000000 0.000000 0.000000 0.000698 0.000000 0.000000 0.000000 0.000000 0.000000
0.000000 0.000000 0.000000 0.000000 0.000698 0.000000 0.000000 0.000000 0.000000 0.000000
0.000000 0.000000 0.000000 0.000000 0.000000 0.000000 0.000000 0.000000 0.000000 0.000000
0.000000 0.000000 0.000000 0.000000 0.000000 0.000000 0.000000 0.000000 0.000000 0.000000
0.000000 0.000000 0.000000 0.000000 0.000000 0.000000 0.000000 0.000000 0.000000 0.000000
0.000000 0.000000 0.000000 0.000000 0.000000 0.000000 0.000000 0.000000 0.000000 0.000000
0.000000 0.000698 0.000000 0.000000 0.000000 0.000000 0.000000 0.000000 0.000000 0.000000
