# the different columns denote the different activities
# ie. using pc (1), preparing food (2), vacuum cleaning (3), ironing (4), watching tv (5),
# listening audio (6), doing the dishes (7), washing laundry (8), drying laundry (9) and 
# taking shower or bath (10).

0.000000 0.000572 0.000000 0.000000 0.000572 0.000000 0.000000 0.000000 0.000000 0.000572
0.000000 0.002288 0.000000 0.000000 0.000572 0.000000 0.000000 0.000000 0.000000 0.003432
0.000572 0.001144 0.000000 0.000000 0.001144 0.000000 0.000000 0.000000 0.000000 0.005721
0.000572 0.001144 0.000000 0.000000 0.000572 0.001144 0.000000 0.000000 0.000000 0.004577
0.000572 0.002860 0.000000 0.000000 0.000572 0.000572 0.000000 0.000000 0.000000 0.008009
0.001144 0.001716 0.000000 0.000000 0.001144 0.002860 0.000000 0.000000 0.000000 0.004005
0.001716 0.004577 0.000000 0.000000 0.002288 0.004005 0.000000 0.000000 0.000000 0.006293
0.001144 0.005149 0.000000 0.000000 0.002288 0.004577 0.001144 0.000000 0.000000 0.011442
0.001716 0.002860 0.000000 0.000000 0.003432 0.005149 0.001144 0.000000 0.000000 0.008009
0.001716 0.005721 0.000000 0.000000 0.003432 0.007437 0.001716 0.000000 0.000000 0.009725
0.001716 0.005149 0.000000 0.000000 0.003432 0.010297 0.000572 0.000572 0.000000 0.020023
0.001716 0.002288 0.000000 0.000000 0.002860 0.012014 0.000572 0.000000 0.000000 0.016590
0.001144 0.005149 0.000000 0.000572 0.002860 0.012586 0.001716 0.000572 0.000000 0.016018
0.000572 0.009153 0.000000 0.000000 0.002860 0.017162 0.000000 0.001144 0.000000 0.028604
0.001144 0.006865 0.000000 0.000572 0.002860 0.025172 0.000572 0.000000 0.000000 0.024600
0.000572 0.006865 0.000000 0.000572 0.002860 0.026888 0.000572 0.000000 0.000572 0.020023
0.002288 0.006293 0.000000 0.001144 0.004005 0.022311 0.001144 0.000000 0.000000 0.032037
0.001716 0.005149 0.000000 0.000000 0.002860 0.027460 0.002288 0.000000 0.000000 0.021167
0.001716 0.005149 0.000000 0.000572 0.005721 0.037757 0.001716 0.000000 0.000000 0.023455
0.001716 0.007437 0.000000 0.000572 0.005721 0.035469 0.002288 0.000000 0.000572 0.038902
0.001716 0.010297 0.000000 0.000572 0.005149 0.032609 0.002860 0.001144 0.000000 0.030892
0.001716 0.006865 0.000000 0.000572 0.005721 0.031465 0.002288 0.000572 0.000000 0.026316
0.001144 0.003432 0.000572 0.000000 0.005721 0.030320 0.001144 0.000572 0.000000 0.021167
0.004005 0.008009 0.000000 0.000572 0.006865 0.028604 0.002288 0.001716 0.000000 0.016018
0.004005 0.006865 0.000000 0.000000 0.004577 0.025744 0.000572 0.001144 0.000000 0.014302
0.002288 0.005149 0.000000 0.000572 0.002860 0.023455 0.002288 0.000000 0.000000 0.021739
0.002288 0.004577 0.000000 0.000000 0.002288 0.022883 0.004005 0.001144 0.000000 0.019451
0.001144 0.006293 0.000000 0.000000 0.001716 0.021739 0.002288 0.000572 0.000572 0.013158
0.001144 0.002860 0.000000 0.000572 0.002288 0.014302 0.001716 0.000572 0.000000 0.010870
0.002288 0.001716 0.000572 0.001144 0.002860 0.010297 0.001716 0.000000 0.000000 0.008581
0.001716 0.002860 0.000572 0.000572 0.001144 0.008009 0.001716 0.000000 0.000000 0.008009
0.001716 0.001716 0.000572 0.001144 0.002288 0.009725 0.001716 0.000572 0.000000 0.007437
0.001716 0.003432 0.000572 0.000572 0.001716 0.009725 0.001144 0.000572 0.000000 0.004005
0.000572 0.001144 0.000572 0.001144 0.002288 0.006865 0.001716 0.000572 0.000000 0.006865
0.000000 0.000572 0.000000 0.001144 0.001716 0.005149 0.001144 0.000572 0.000000 0.005721
0.000000 0.000000 0.000000 0.001144 0.002288 0.006293 0.001716 0.001144 0.000000 0.001716
0.000000 0.001716 0.000000 0.001144 0.002860 0.004577 0.001144 0.001144 0.000000 0.003432
0.000572 0.002288 0.000572 0.000572 0.002860 0.004577 0.000000 0.000000 0.000000 0.002860
0.001716 0.001716 0.000572 0.001144 0.002288 0.004577 0.000000 0.000000 0.000000 0.001716
0.002860 0.001716 0.000000 0.000572 0.003432 0.004577 0.001144 0.000000 0.000000 0.002860
0.002860 0.001144 0.000000 0.000572 0.003432 0.004577 0.001144 0.000000 0.000000 0.002288
0.003432 0.001716 0.000000 0.000572 0.002288 0.004005 0.000000 0.000000 0.000000 0.002860
0.002288 0.001144 0.000000 0.000000 0.002288 0.004577 0.000572 0.000000 0.000000 0.002288
0.001716 0.002288 0.000000 0.000000 0.003432 0.003432 0.000000 0.000000 0.000000 0.003432
0.001716 0.001716 0.000000 0.000000 0.002288 0.003432 0.001144 0.000000 0.000000 0.001716
0.001144 0.001144 0.000000 0.000000 0.002288 0.003432 0.000572 0.000572 0.000000 0.001716
0.001144 0.001716 0.001144 0.000000 0.002288 0.003432 0.000572 0.000572 0.000000 0.002288
0.001716 0.002288 0.001144 0.000000 0.001716 0.003432 0.000572 0.000000 0.000000 0.002288
0.000572 0.003432 0.001144 0.000000 0.001144 0.003432 0.000000 0.000000 0.000000 0.001144
0.000572 0.003432 0.000572 0.000000 0.002860 0.004005 0.000000 0.000000 0.000000 0.001716
0.000572 0.004577 0.000572 0.000572 0.002288 0.005149 0.000000 0.000000 0.000000 0.001144
0.001144 0.003432 0.000572 0.000572 0.004005 0.004577 0.001144 0.000000 0.000000 0.001144
0.002288 0.002860 0.000572 0.000572 0.003432 0.006293 0.001716 0.000000 0.000000 0.000572
0.001716 0.002860 0.000572 0.001144 0.004577 0.005149 0.001716 0.000000 0.000000 0.000572
0.001716 0.002288 0.000572 0.001144 0.009153 0.004577 0.001716 0.000000 0.000000 0.000572
0.001716 0.003432 0.000572 0.000572 0.008581 0.004577 0.001716 0.001144 0.000000 0.002288
0.001716 0.002288 0.000000 0.000572 0.009725 0.003432 0.001716 0.000000 0.000000 0.001144
0.002288 0.001716 0.000000 0.000000 0.008581 0.004005 0.001144 0.000572 0.000000 0.000572
0.003432 0.001716 0.000000 0.000000 0.004577 0.002860 0.001716 0.000000 0.000000 0.000572
0.004577 0.001716 0.000000 0.000000 0.005721 0.003432 0.001144 0.000000 0.000000 0.000572
0.003432 0.001716 0.000000 0.000000 0.007437 0.002860 0.000572 0.000000 0.000000 0.000572
0.003432 0.001144 0.001144 0.000000 0.008581 0.002860 0.000572 0.000000 0.000572 0.000572
0.003432 0.001144 0.000572 0.000572 0.008581 0.004005 0.001716 0.000000 0.000000 0.000572
0.002860 0.001716 0.000000 0.000000 0.006865 0.003432 0.002288 0.000572 0.000000 0.002288
0.003432 0.001716 0.000572 0.000572 0.008581 0.005721 0.002288 0.000000 0.000000 0.001716
0.003432 0.002860 0.000572 0.000000 0.009725 0.006865 0.000572 0.000572 0.000000 0.002860
0.002860 0.001716 0.000000 0.000572 0.010297 0.005721 0.001716 0.000572 0.000000 0.003432
0.004005 0.002288 0.000000 0.001144 0.010870 0.005721 0.001716 0.000572 0.000000 0.004005
0.005149 0.002288 0.000000 0.000572 0.011442 0.006293 0.002288 0.000000 0.000000 0.002860
0.004577 0.001716 0.000572 0.000572 0.011442 0.006293 0.001144 0.000000 0.000000 0.003432
0.005721 0.002860 0.000572 0.000572 0.014874 0.007437 0.001716 0.000000 0.000000 0.002288
0.005721 0.002860 0.000000 0.001716 0.014302 0.008581 0.001144 0.000000 0.000000 0.002288
0.007437 0.005721 0.000000 0.002860 0.014302 0.009153 0.000572 0.000572 0.000000 0.004005
0.009725 0.003432 0.000000 0.002860 0.016590 0.010870 0.000000 0.000572 0.000000 0.001716
0.010870 0.003432 0.000000 0.002860 0.018307 0.013158 0.000000 0.000000 0.000572 0.004577
0.010870 0.005149 0.000572 0.004005 0.021167 0.014302 0.001144 0.000572 0.000000 0.003432
0.012586 0.007437 0.000572 0.003432 0.026888 0.011442 0.001144 0.001144 0.000000 0.004005
0.013730 0.010297 0.000572 0.003432 0.027460 0.010297 0.001144 0.000572 0.000000 0.004005
0.014874 0.017735 0.000572 0.004577 0.028032 0.011442 0.002860 0.000572 0.000000 0.006293
0.020595 0.023455 0.000572 0.003432 0.025744 0.008581 0.002288 0.000572 0.000000 0.008009
0.020595 0.021739 0.000572 0.003432 0.030320 0.009725 0.004005 0.000572 0.000000 0.008581
0.020023 0.025172 0.000000 0.002288 0.034325 0.009725 0.003432 0.001144 0.000000 0.008009
0.020023 0.024027 0.000000 0.004005 0.036613 0.010870 0.003432 0.001716 0.000572 0.008581
0.018879 0.026888 0.000000 0.004577 0.037185 0.011442 0.001716 0.001716 0.000000 0.006293
0.014302 0.029176 0.000000 0.004577 0.041190 0.013158 0.005149 0.000572 0.000000 0.005721
0.015446 0.028032 0.000572 0.004005 0.044050 0.016018 0.005721 0.000000 0.000000 0.006293
0.014302 0.027460 0.000572 0.001716 0.042906 0.014874 0.010297 0.000000 0.000000 0.006293
0.013730 0.024027 0.000572 0.002860 0.043478 0.017162 0.012014 0.001144 0.000000 0.008581
0.014874 0.022311 0.000572 0.003432 0.049771 0.017162 0.010870 0.001144 0.000000 0.008009
0.011442 0.020595 0.000000 0.002860 0.053204 0.016590 0.014302 0.001144 0.000572 0.009725
0.009153 0.024600 0.000000 0.001716 0.085812 0.012586 0.010870 0.000572 0.000000 0.009725
0.013730 0.022311 0.000000 0.001716 0.090961 0.010297 0.009725 0.000572 0.000000 0.013158
0.010297 0.014874 0.000572 0.001144 0.094966 0.009153 0.009725 0.000000 0.000000 0.011442
0.009725 0.016590 0.000000 0.001144 0.100114 0.009725 0.010297 0.000000 0.000000 0.013158
0.011442 0.014302 0.000000 0.001716 0.104119 0.008009 0.013730 0.000000 0.000000 0.010297
0.013730 0.013158 0.000572 0.001716 0.102975 0.006293 0.016018 0.000572 0.000572 0.009725
0.014302 0.009725 0.000572 0.002860 0.098398 0.005721 0.011442 0.000572 0.000000 0.014302
0.015446 0.013158 0.001144 0.003432 0.106979 0.007437 0.011442 0.000000 0.000000 0.012014
0.015446 0.009153 0.000000 0.002288 0.116705 0.008581 0.010297 0.001144 0.000000 0.008009
0.019451 0.008009 0.000000 0.003432 0.123570 0.008009 0.006865 0.001144 0.000000 0.012586
0.020595 0.007437 0.000000 0.002860 0.137872 0.008581 0.006865 0.000000 0.000000 0.011442
0.020023 0.006865 0.000000 0.002288 0.150458 0.007437 0.007437 0.000572 0.000000 0.013730
0.015446 0.005721 0.000000 0.001144 0.161899 0.004577 0.003432 0.000000 0.000000 0.013158
0.014874 0.005721 0.000572 0.002288 0.165904 0.004005 0.002860 0.000000 0.000000 0.014302
0.014302 0.006293 0.000000 0.002860 0.171625 0.005149 0.002860 0.000572 0.000000 0.012586
0.017735 0.005721 0.000000 0.001716 0.172197 0.005721 0.002860 0.000572 0.000000 0.010297
0.017162 0.004005 0.000000 0.002860 0.177346 0.005721 0.002288 0.000572 0.000000 0.009725
0.014874 0.004577 0.000000 0.002860 0.183638 0.006293 0.004577 0.000000 0.000000 0.006865
0.013730 0.001716 0.000000 0.001716 0.160183 0.009153 0.001144 0.002860 0.001144 0.007437
0.014874 0.002288 0.001144 0.001716 0.165332 0.006865 0.002860 0.001716 0.000000 0.006865
0.014302 0.004005 0.000000 0.002860 0.163043 0.006865 0.001144 0.001716 0.000000 0.005149
0.012586 0.001716 0.000000 0.000572 0.145881 0.006293 0.000572 0.000572 0.000572 0.007437
0.013730 0.002288 0.000000 0.002860 0.131007 0.004577 0.001716 0.000572 0.000000 0.006293
0.010297 0.002288 0.000000 0.002288 0.112128 0.005721 0.001144 0.000572 0.000000 0.009725
0.009725 0.002860 0.000000 0.000572 0.074943 0.003432 0.001144 0.000000 0.000572 0.008581
0.010297 0.001144 0.000000 0.002288 0.066362 0.004577 0.000572 0.000572 0.000572 0.010297
0.009725 0.000572 0.000000 0.001144 0.060641 0.005149 0.001144 0.000572 0.000000 0.009153
0.008009 0.000572 0.000000 0.001144 0.050915 0.004005 0.000572 0.000572 0.000572 0.006865
0.006865 0.001144 0.000000 0.001716 0.045195 0.002288 0.000572 0.000000 0.000000 0.003432
0.008581 0.000000 0.000000 0.001144 0.041762 0.003432 0.000000 0.000000 0.000000 0.004577
0.006293 0.000000 0.000000 0.000572 0.032609 0.002288 0.000572 0.000000 0.000000 0.006293
0.006865 0.000000 0.000000 0.000572 0.027460 0.001144 0.000000 0.000572 0.000000 0.003432
0.007437 0.000000 0.000000 0.001144 0.025744 0.001144 0.000000 0.000000 0.000000 0.001144
0.006293 0.000000 0.000000 0.000572 0.022311 0.001144 0.000000 0.000000 0.000000 0.001716
0.004577 0.000000 0.000000 0.000572 0.018307 0.001144 0.000000 0.000572 0.000000 0.001716
0.004577 0.000000 0.000000 0.000572 0.016018 0.001716 0.000000 0.000572 0.000000 0.002860
0.004577 0.000000 0.000000 0.000572 0.012014 0.002288 0.000000 0.000000 0.000000 0.001716
0.004005 0.000000 0.000000 0.000572 0.012586 0.002288 0.000000 0.000000 0.000000 0.000572
0.004005 0.000000 0.000000 0.000572 0.009153 0.001144 0.000000 0.000000 0.000000 0.000000
0.003432 0.000000 0.000000 0.000572 0.008009 0.001716 0.000000 0.000000 0.000000 0.000572
0.003432 0.000000 0.000000 0.000572 0.005721 0.000572 0.000000 0.000000 0.000000 0.001144
0.003432 0.000000 0.000000 0.000572 0.005149 0.000572 0.000000 0.000572 0.000000 0.001716
0.002288 0.000000 0.000000 0.000572 0.004577 0.000000 0.000000 0.000000 0.000000 0.000000
0.002288 0.000572 0.000000 0.000000 0.004005 0.000000 0.000000 0.000000 0.000000 0.000572
0.001716 0.000000 0.000000 0.000000 0.001716 0.000000 0.000000 0.000000 0.000000 0.000000
0.001144 0.000572 0.000000 0.000000 0.002860 0.000000 0.000000 0.000000 0.000000 0.000572
0.001144 0.000572 0.000000 0.000000 0.002860 0.000000 0.000000 0.000000 0.000000 0.000572
0.001716 0.000000 0.000000 0.000000 0.001716 0.000000 0.000000 0.000000 0.000000 0.000000
0.001716 0.000000 0.000000 0.000000 0.002860 0.000000 0.000000 0.000000 0.000000 0.000000
0.001144 0.000572 0.000000 0.000000 0.002288 0.000000 0.000000 0.000000 0.000000 0.000572
0.001144 0.000572 0.000000 0.000000 0.002288 0.000000 0.000000 0.000000 0.000000 0.001144
0.001144 0.000000 0.000000 0.000000 0.002288 0.000000 0.000000 0.000000 0.000000 0.000572
0.001144 0.000000 0.000000 0.000000 0.003432 0.000000 0.000000 0.000000 0.000000 0.002288
0.001716 0.000572 0.000000 0.000000 0.002860 0.000000 0.000000 0.000000 0.000000 0.001144
