# the different columns denote the different activities
# ie. using pc (1), preparing food (2), vacuum cleaning (3), ironing (4), watching tv (5),
# listening audio (6), doing the dishes (7), washing laundry (8), drying laundry (9) and 
# taking shower or bath (10).

0.004777 0.000000 0.000000 0.000000 0.009554 0.001592 0.000000 0.000000 0.000000 0.000000
0.003185 0.000000 0.000000 0.000000 0.011146 0.001592 0.000000 0.000000 0.000000 0.000000
0.003185 0.000000 0.000000 0.000000 0.011146 0.001592 0.000000 0.000000 0.000000 0.000000
0.003185 0.000000 0.000000 0.000000 0.009554 0.001592 0.000000 0.000000 0.000000 0.000000
0.003185 0.000000 0.000000 0.000000 0.004777 0.003185 0.000000 0.000000 0.000000 0.000000
0.001592 0.000000 0.000000 0.000000 0.004777 0.003185 0.000000 0.000000 0.000000 0.000000
0.001592 0.000000 0.000000 0.000000 0.004777 0.001592 0.000000 0.000000 0.000000 0.000000
0.001592 0.000000 0.000000 0.000000 0.006369 0.000000 0.000000 0.000000 0.000000 0.004777
0.001592 0.000000 0.000000 0.000000 0.004777 0.000000 0.000000 0.000000 0.000000 0.001592
0.001592 0.000000 0.000000 0.000000 0.004777 0.000000 0.000000 0.000000 0.000000 0.003185
0.001592 0.000000 0.000000 0.000000 0.007962 0.003185 0.000000 0.000000 0.000000 0.000000
0.001592 0.000000 0.000000 0.000000 0.007962 0.001592 0.000000 0.000000 0.000000 0.000000
0.001592 0.001592 0.000000 0.000000 0.003185 0.003185 0.000000 0.000000 0.000000 0.000000
0.001592 0.004777 0.000000 0.000000 0.003185 0.003185 0.000000 0.000000 0.000000 0.001592
0.001592 0.003185 0.000000 0.000000 0.003185 0.004777 0.000000 0.000000 0.000000 0.003185
0.001592 0.003185 0.000000 0.000000 0.006369 0.007962 0.000000 0.000000 0.000000 0.003185
0.001592 0.001592 0.000000 0.000000 0.004777 0.007962 0.000000 0.000000 0.000000 0.004777
0.001592 0.000000 0.000000 0.000000 0.006369 0.007962 0.000000 0.000000 0.000000 0.006369
0.003185 0.003185 0.000000 0.000000 0.004777 0.011146 0.000000 0.000000 0.000000 0.006369
0.003185 0.003185 0.000000 0.000000 0.007962 0.012739 0.000000 0.000000 0.000000 0.012739
0.003185 0.004777 0.000000 0.001592 0.004777 0.009554 0.000000 0.000000 0.000000 0.012739
0.003185 0.003185 0.000000 0.001592 0.004777 0.014331 0.000000 0.000000 0.000000 0.007962
0.001592 0.004777 0.000000 0.001592 0.004777 0.015924 0.001592 0.000000 0.000000 0.011146
0.003185 0.004777 0.000000 0.001592 0.004777 0.015924 0.001592 0.000000 0.000000 0.012739
0.003185 0.006369 0.000000 0.001592 0.003185 0.027070 0.003185 0.000000 0.000000 0.012739
0.003185 0.006369 0.000000 0.000000 0.009554 0.028662 0.006369 0.001592 0.000000 0.027070
0.003185 0.006369 0.000000 0.000000 0.014331 0.015924 0.004777 0.000000 0.000000 0.023885
0.006369 0.006369 0.000000 0.000000 0.015924 0.023885 0.006369 0.001592 0.000000 0.017516
0.006369 0.011146 0.000000 0.000000 0.022293 0.025478 0.006369 0.001592 0.000000 0.015924
0.007962 0.014331 0.001592 0.000000 0.020701 0.025478 0.003185 0.000000 0.000000 0.019108
0.009554 0.006369 0.001592 0.000000 0.017516 0.027070 0.004777 0.000000 0.000000 0.022293
0.009554 0.009554 0.001592 0.000000 0.015924 0.036624 0.009554 0.000000 0.000000 0.030255
0.012739 0.012739 0.001592 0.000000 0.022293 0.033439 0.009554 0.000000 0.000000 0.030255
0.012739 0.007962 0.001592 0.003185 0.022293 0.039809 0.004777 0.001592 0.000000 0.031847
0.012739 0.007962 0.003185 0.004777 0.028662 0.031847 0.004777 0.000000 0.001592 0.027070
0.014331 0.007962 0.003185 0.001592 0.035032 0.030255 0.003185 0.001592 0.001592 0.022293
0.015924 0.015924 0.001592 0.004777 0.038217 0.041401 0.004777 0.000000 0.001592 0.038217
0.017516 0.007962 0.001592 0.004777 0.035032 0.042994 0.009554 0.001592 0.000000 0.050955
0.025478 0.012739 0.000000 0.004777 0.038217 0.038217 0.004777 0.000000 0.000000 0.052548
0.020701 0.015924 0.001592 0.006369 0.038217 0.049363 0.001592 0.000000 0.000000 0.027070
0.027070 0.015924 0.001592 0.006369 0.039809 0.050955 0.011146 0.003185 0.000000 0.030255
0.030255 0.023885 0.001592 0.006369 0.044586 0.052548 0.007962 0.004777 0.000000 0.027070
0.041401 0.022293 0.001592 0.009554 0.044586 0.057325 0.012739 0.001592 0.000000 0.031847
0.042994 0.022293 0.004777 0.007962 0.054140 0.058917 0.006369 0.006369 0.001592 0.031847
0.049363 0.022293 0.003185 0.009554 0.057325 0.063694 0.009554 0.004777 0.000000 0.031847
0.060510 0.033439 0.004777 0.006369 0.058917 0.065287 0.007962 0.003185 0.000000 0.035032
0.049363 0.039809 0.003185 0.006369 0.055732 0.065287 0.007962 0.006369 0.001592 0.042994
0.046178 0.041401 0.003185 0.007962 0.057325 0.055732 0.011146 0.004777 0.000000 0.035032
0.036624 0.049363 0.001592 0.007962 0.076433 0.046178 0.007962 0.001592 0.000000 0.033439
0.047771 0.046178 0.001592 0.007962 0.084395 0.047771 0.006369 0.001592 0.000000 0.031847
0.049363 0.039809 0.003185 0.009554 0.090764 0.049363 0.009554 0.003185 0.000000 0.020701
0.052548 0.038217 0.000000 0.006369 0.093949 0.050955 0.014331 0.001592 0.000000 0.015924
0.047771 0.033439 0.000000 0.006369 0.100318 0.050955 0.022293 0.004777 0.000000 0.020701
0.039809 0.031847 0.000000 0.006369 0.108280 0.057325 0.025478 0.009554 0.001592 0.019108
0.044586 0.031847 0.001592 0.004777 0.152866 0.049363 0.011146 0.004777 0.001592 0.019108
0.050955 0.028662 0.003185 0.009554 0.149682 0.042994 0.012739 0.000000 0.001592 0.027070
0.046178 0.030255 0.003185 0.009554 0.149682 0.042994 0.014331 0.000000 0.000000 0.020701
0.057325 0.019108 0.003185 0.009554 0.124204 0.041401 0.027070 0.001592 0.000000 0.014331
0.062102 0.015924 0.001592 0.007962 0.085987 0.042994 0.031847 0.003185 0.000000 0.011146
0.066879 0.011146 0.003185 0.006369 0.074841 0.047771 0.036624 0.004777 0.000000 0.015924
0.066879 0.009554 0.001592 0.007962 0.074841 0.049363 0.019108 0.003185 0.000000 0.017516
0.065287 0.007962 0.000000 0.007962 0.081210 0.041401 0.014331 0.001592 0.001592 0.022293
0.058917 0.009554 0.001592 0.011146 0.085987 0.036624 0.012739 0.003185 0.001592 0.025478
0.050955 0.011146 0.001592 0.009554 0.085987 0.042994 0.011146 0.000000 0.000000 0.017516
0.046178 0.009554 0.000000 0.009554 0.084395 0.036624 0.007962 0.000000 0.000000 0.017516
0.046178 0.007962 0.001592 0.009554 0.082803 0.036624 0.003185 0.000000 0.000000 0.012739
0.035032 0.012739 0.001592 0.006369 0.071656 0.036624 0.001592 0.003185 0.001592 0.015924
0.042994 0.014331 0.001592 0.009554 0.079618 0.033439 0.003185 0.001592 0.000000 0.023885
0.039809 0.007962 0.001592 0.003185 0.084395 0.028662 0.003185 0.001592 0.000000 0.020701
0.044586 0.011146 0.003185 0.003185 0.087580 0.027070 0.003185 0.001592 0.000000 0.014331
0.038217 0.015924 0.000000 0.001592 0.095541 0.030255 0.001592 0.001592 0.000000 0.009554
0.038217 0.017516 0.000000 0.000000 0.087580 0.030255 0.001592 0.001592 0.000000 0.009554
0.042994 0.015924 0.001592 0.006369 0.079618 0.028662 0.001592 0.001592 0.000000 0.012739
0.041401 0.015924 0.001592 0.007962 0.078025 0.023885 0.001592 0.000000 0.000000 0.014331
0.050955 0.011146 0.001592 0.007962 0.084395 0.025478 0.000000 0.000000 0.001592 0.011146
0.050955 0.012739 0.003185 0.006369 0.082803 0.023885 0.001592 0.003185 0.001592 0.019108
0.052548 0.011146 0.001592 0.009554 0.087580 0.023885 0.001592 0.001592 0.001592 0.020701
0.044586 0.014331 0.001592 0.007962 0.085987 0.027070 0.003185 0.000000 0.001592 0.020701
0.041401 0.019108 0.001592 0.003185 0.078025 0.031847 0.004777 0.000000 0.001592 0.023885
0.038217 0.017516 0.001592 0.003185 0.082803 0.031847 0.004777 0.000000 0.000000 0.023885
0.041401 0.020701 0.000000 0.004777 0.085987 0.027070 0.004777 0.000000 0.000000 0.028662
0.039809 0.019108 0.000000 0.007962 0.089172 0.030255 0.006369 0.001592 0.000000 0.028662
0.039809 0.017516 0.001592 0.004777 0.100318 0.027070 0.006369 0.000000 0.000000 0.031847
0.038217 0.020701 0.001592 0.004777 0.105096 0.027070 0.012739 0.001592 0.000000 0.025478
0.036624 0.019108 0.001592 0.001592 0.097134 0.022293 0.009554 0.001592 0.000000 0.030255
0.033439 0.027070 0.001592 0.001592 0.098726 0.027070 0.009554 0.001592 0.001592 0.028662
0.028662 0.020701 0.003185 0.001592 0.100318 0.022293 0.004777 0.001592 0.001592 0.027070
0.028662 0.028662 0.001592 0.004777 0.100318 0.019108 0.003185 0.001592 0.001592 0.022293
0.028662 0.019108 0.001592 0.004777 0.093949 0.022293 0.007962 0.000000 0.001592 0.025478
0.023885 0.020701 0.001592 0.001592 0.095541 0.019108 0.006369 0.001592 0.001592 0.027070
0.011146 0.011146 0.000000 0.003185 0.101911 0.007962 0.004777 0.001592 0.000000 0.025478
0.009554 0.009554 0.000000 0.004777 0.108280 0.009554 0.004777 0.001592 0.000000 0.022293
0.003185 0.006369 0.000000 0.006369 0.117834 0.009554 0.007962 0.000000 0.000000 0.017516
0.009554 0.004777 0.000000 0.000000 0.106688 0.011146 0.009554 0.000000 0.000000 0.012739
0.009554 0.006369 0.000000 0.003185 0.093949 0.007962 0.009554 0.000000 0.000000 0.011146
0.011146 0.009554 0.000000 0.000000 0.089172 0.007962 0.011146 0.000000 0.000000 0.012739
0.007962 0.011146 0.000000 0.000000 0.078025 0.000000 0.011146 0.000000 0.000000 0.017516
0.006369 0.011146 0.000000 0.000000 0.079618 0.000000 0.003185 0.001592 0.000000 0.015924
0.007962 0.003185 0.000000 0.001592 0.084395 0.001592 0.001592 0.000000 0.000000 0.012739
0.007962 0.003185 0.000000 0.000000 0.078025 0.003185 0.004777 0.000000 0.000000 0.014331
0.009554 0.001592 0.001592 0.000000 0.073248 0.003185 0.003185 0.000000 0.000000 0.012739
0.011146 0.000000 0.001592 0.001592 0.074841 0.000000 0.001592 0.000000 0.000000 0.006369
0.006369 0.003185 0.001592 0.001592 0.060510 0.000000 0.000000 0.000000 0.000000 0.007962
0.006369 0.003185 0.003185 0.000000 0.066879 0.000000 0.000000 0.000000 0.000000 0.007962
0.006369 0.003185 0.000000 0.000000 0.065287 0.000000 0.000000 0.000000 0.000000 0.004777
0.003185 0.003185 0.000000 0.000000 0.065287 0.000000 0.001592 0.000000 0.000000 0.004777
0.001592 0.001592 0.000000 0.000000 0.060510 0.001592 0.001592 0.000000 0.000000 0.001592
0.001592 0.001592 0.000000 0.000000 0.062102 0.001592 0.001592 0.000000 0.000000 0.003185
0.006369 0.000000 0.000000 0.000000 0.054140 0.001592 0.000000 0.000000 0.000000 0.001592
0.007962 0.000000 0.000000 0.000000 0.047771 0.001592 0.001592 0.001592 0.000000 0.001592
0.007962 0.000000 0.000000 0.000000 0.049363 0.001592 0.000000 0.000000 0.000000 0.000000
0.007962 0.000000 0.000000 0.000000 0.050955 0.001592 0.001592 0.000000 0.000000 0.004777
0.006369 0.000000 0.000000 0.001592 0.055732 0.001592 0.003185 0.000000 0.000000 0.000000
0.006369 0.000000 0.000000 0.001592 0.057325 0.001592 0.001592 0.000000 0.000000 0.001592
0.007962 0.000000 0.000000 0.000000 0.055732 0.001592 0.001592 0.000000 0.000000 0.000000
0.011146 0.000000 0.000000 0.000000 0.052548 0.001592 0.000000 0.000000 0.000000 0.000000
0.012739 0.001592 0.000000 0.000000 0.046178 0.003185 0.000000 0.000000 0.000000 0.001592
0.012739 0.001592 0.000000 0.001592 0.044586 0.003185 0.000000 0.001592 0.000000 0.001592
0.011146 0.000000 0.000000 0.000000 0.046178 0.001592 0.001592 0.001592 0.000000 0.001592
0.011146 0.001592 0.000000 0.000000 0.047771 0.001592 0.000000 0.000000 0.001592 0.004777
0.014331 0.000000 0.000000 0.000000 0.054140 0.001592 0.000000 0.000000 0.000000 0.003185
0.014331 0.000000 0.000000 0.000000 0.057325 0.003185 0.000000 0.000000 0.000000 0.001592
0.015924 0.000000 0.000000 0.000000 0.058917 0.003185 0.000000 0.000000 0.000000 0.000000
0.017516 0.000000 0.000000 0.000000 0.060510 0.003185 0.000000 0.000000 0.000000 0.000000
0.019108 0.000000 0.000000 0.000000 0.058917 0.003185 0.000000 0.000000 0.000000 0.000000
0.019108 0.000000 0.000000 0.000000 0.058917 0.003185 0.000000 0.000000 0.000000 0.004777
0.019108 0.000000 0.000000 0.000000 0.055732 0.003185 0.000000 0.000000 0.000000 0.000000
0.019108 0.000000 0.000000 0.000000 0.057325 0.003185 0.000000 0.000000 0.000000 0.001592
0.019108 0.000000 0.000000 0.000000 0.054140 0.004777 0.001592 0.000000 0.000000 0.000000
0.019108 0.000000 0.000000 0.000000 0.052548 0.003185 0.000000 0.000000 0.000000 0.001592
0.020701 0.000000 0.000000 0.000000 0.049363 0.004777 0.000000 0.000000 0.000000 0.006369
0.017516 0.000000 0.000000 0.000000 0.049363 0.004777 0.000000 0.000000 0.000000 0.003185
0.014331 0.000000 0.000000 0.000000 0.044586 0.003185 0.000000 0.000000 0.000000 0.003185
0.014331 0.000000 0.000000 0.000000 0.046178 0.003185 0.000000 0.000000 0.000000 0.006369
0.017516 0.000000 0.000000 0.000000 0.046178 0.004777 0.000000 0.000000 0.001592 0.007962
0.015924 0.000000 0.000000 0.000000 0.039809 0.004777 0.000000 0.000000 0.000000 0.003185
0.011146 0.000000 0.000000 0.000000 0.041401 0.003185 0.000000 0.000000 0.000000 0.003185
0.009554 0.000000 0.000000 0.000000 0.039809 0.001592 0.000000 0.000000 0.000000 0.003185
0.009554 0.001592 0.000000 0.000000 0.028662 0.001592 0.000000 0.000000 0.000000 0.004777
0.007962 0.000000 0.000000 0.000000 0.035032 0.001592 0.000000 0.000000 0.000000 0.003185
0.006369 0.000000 0.000000 0.000000 0.033439 0.001592 0.000000 0.000000 0.000000 0.001592
0.004777 0.000000 0.000000 0.000000 0.028662 0.001592 0.000000 0.000000 0.000000 0.003185
0.004777 0.000000 0.000000 0.000000 0.023885 0.001592 0.000000 0.000000 0.000000 0.001592
0.004777 0.000000 0.000000 0.000000 0.025478 0.001592 0.000000 0.000000 0.000000 0.001592
