# the different columns denote the different activities
# ie. using pc (1), preparing food (2), vacuum cleaning (3), ironing (4), watching tv (5),
# listening audio (6), doing the dishes (7), washing laundry (8), drying laundry (9) and 
# taking shower or bath (10).

0.000000 0.000430 0.000000 0.000000 0.001290 0.000000 0.000000 0.000000 0.000430 0.000000
0.000000 0.000430 0.000000 0.000000 0.000860 0.000430 0.000000 0.000000 0.000000 0.000000
0.000000 0.000430 0.000000 0.000000 0.000860 0.000000 0.000000 0.000000 0.000000 0.000000
0.000000 0.000000 0.000000 0.000000 0.001290 0.000000 0.000000 0.000000 0.000430 0.000860
0.000000 0.000000 0.000000 0.000000 0.001290 0.000860 0.000000 0.000000 0.000430 0.000860
0.000000 0.000000 0.000000 0.000000 0.001720 0.001290 0.000000 0.000000 0.000430 0.000000
0.000000 0.000860 0.000000 0.000000 0.000430 0.003011 0.000000 0.000000 0.000430 0.000860
0.000000 0.000860 0.000000 0.000000 0.000860 0.003441 0.000000 0.000000 0.000000 0.001720
0.000000 0.000860 0.000000 0.000000 0.000860 0.004731 0.000000 0.000000 0.000000 0.001290
0.000000 0.001720 0.000000 0.000000 0.000430 0.005161 0.000000 0.000000 0.000000 0.002581
0.000860 0.002581 0.000000 0.000430 0.000430 0.007742 0.000000 0.000000 0.000000 0.006882
0.001290 0.003871 0.000000 0.000430 0.000430 0.008602 0.000000 0.000430 0.000000 0.007742
0.000430 0.004731 0.000000 0.000430 0.003011 0.027097 0.000430 0.000000 0.000000 0.014624
0.000430 0.012903 0.000000 0.000860 0.004301 0.030108 0.000430 0.000000 0.000000 0.032688
0.000000 0.016344 0.000000 0.001290 0.004301 0.038710 0.001720 0.000000 0.000430 0.036989
0.000000 0.021505 0.000430 0.000430 0.005161 0.053333 0.001720 0.000000 0.000000 0.046882
0.000000 0.023656 0.000000 0.000860 0.009462 0.060215 0.001290 0.000430 0.000000 0.059785
0.000860 0.024946 0.000000 0.001720 0.009892 0.067527 0.003011 0.000000 0.001290 0.046882
0.001290 0.023656 0.000000 0.001290 0.012043 0.091183 0.003871 0.001290 0.000430 0.053333
0.003441 0.029677 0.000000 0.002151 0.014194 0.091613 0.004301 0.000860 0.000430 0.076559
0.003011 0.027527 0.000000 0.001290 0.014624 0.085161 0.008602 0.001290 0.000430 0.057634
0.003011 0.018065 0.000000 0.002151 0.014194 0.075269 0.007742 0.001290 0.000860 0.055484
0.002151 0.020645 0.000000 0.002151 0.016774 0.059355 0.005591 0.002151 0.001290 0.047312
0.002581 0.017204 0.000430 0.001720 0.016774 0.053763 0.005591 0.002151 0.000430 0.030538
0.004731 0.012473 0.000430 0.001290 0.009462 0.050323 0.003871 0.002151 0.000430 0.025376
0.005161 0.012473 0.000430 0.002581 0.011183 0.044301 0.004731 0.000860 0.000000 0.030538
0.006452 0.009462 0.001290 0.002581 0.007742 0.043441 0.006022 0.001290 0.000430 0.023656
0.005591 0.007742 0.000430 0.001720 0.004731 0.041290 0.006882 0.002151 0.000860 0.021075
0.006022 0.008172 0.000430 0.003011 0.005161 0.037849 0.003441 0.002581 0.000860 0.021935
0.003871 0.006452 0.000430 0.002581 0.004731 0.033978 0.007742 0.002151 0.000000 0.018495
0.003011 0.003871 0.000430 0.002151 0.006882 0.025806 0.005591 0.001290 0.000430 0.014624
0.003441 0.005161 0.000860 0.002581 0.005591 0.022796 0.004731 0.000000 0.000000 0.015914
0.004301 0.005161 0.001720 0.003871 0.004731 0.020645 0.003871 0.000860 0.000000 0.014624
0.003011 0.006452 0.000430 0.004301 0.006022 0.021505 0.002151 0.000430 0.000000 0.011613
0.002581 0.004301 0.001290 0.005161 0.005591 0.020215 0.003011 0.000000 0.000430 0.007312
0.002581 0.003011 0.002151 0.006452 0.004731 0.015914 0.002151 0.000860 0.000000 0.006022
0.003871 0.003441 0.000860 0.005161 0.003871 0.015914 0.001720 0.001290 0.000000 0.006022
0.004301 0.002581 0.000430 0.003871 0.003871 0.012903 0.001720 0.000860 0.000000 0.003011
0.003011 0.003441 0.000860 0.003871 0.003871 0.012043 0.000860 0.000000 0.000000 0.004731
0.003441 0.002151 0.000860 0.003441 0.003441 0.008602 0.001290 0.000000 0.000000 0.005161
0.004301 0.001720 0.000430 0.002581 0.002581 0.007312 0.001720 0.000430 0.000000 0.003441
0.004301 0.002151 0.000000 0.002581 0.003871 0.005161 0.001290 0.000000 0.000000 0.003011
0.003441 0.002581 0.000000 0.001720 0.003441 0.004301 0.000860 0.000430 0.000430 0.003011
0.002151 0.003441 0.000000 0.001720 0.004731 0.003441 0.000860 0.000000 0.000000 0.004301
0.002151 0.003441 0.000000 0.002151 0.004731 0.005161 0.000430 0.000430 0.000000 0.002581
0.002151 0.006882 0.000000 0.000860 0.002581 0.004731 0.000000 0.000000 0.000000 0.001290
0.001720 0.006022 0.000000 0.000860 0.002151 0.004731 0.000860 0.000000 0.000000 0.001720
0.001290 0.005161 0.000000 0.000860 0.002151 0.003871 0.000430 0.000000 0.000000 0.001290
0.000430 0.006022 0.000000 0.000000 0.003441 0.004731 0.000000 0.000000 0.000000 0.001720
0.000860 0.008172 0.000000 0.001290 0.003441 0.006022 0.000430 0.000860 0.000000 0.001290
0.000860 0.006452 0.000000 0.001290 0.003011 0.008172 0.001290 0.000860 0.000000 0.000430
0.001720 0.004301 0.000000 0.001290 0.005591 0.008602 0.002151 0.000430 0.000000 0.000860
0.000860 0.009032 0.000000 0.001290 0.006882 0.007312 0.002151 0.000860 0.000000 0.000000
0.001290 0.008172 0.000430 0.000860 0.009462 0.006882 0.002581 0.000000 0.000000 0.000430
0.003011 0.003441 0.000430 0.001290 0.012473 0.007742 0.003441 0.000000 0.000000 0.000430
0.003011 0.002581 0.000000 0.001290 0.013763 0.008172 0.004301 0.001290 0.000000 0.000430
0.003011 0.002581 0.000430 0.000000 0.013333 0.008172 0.003011 0.001720 0.000430 0.000000
0.002151 0.001290 0.000000 0.000430 0.013763 0.005591 0.003871 0.000000 0.000000 0.000430
0.003011 0.001720 0.000000 0.000000 0.009462 0.005591 0.003441 0.000430 0.000000 0.001290
0.002151 0.002151 0.000430 0.000430 0.006022 0.004731 0.003011 0.000430 0.000000 0.000430
0.001720 0.003441 0.000430 0.000430 0.003011 0.004731 0.002151 0.000000 0.000000 0.000860
0.002151 0.003441 0.000430 0.001290 0.002581 0.005591 0.003011 0.000000 0.000000 0.000860
0.003441 0.003441 0.000860 0.001720 0.003011 0.006022 0.001290 0.000430 0.000430 0.001720
0.003871 0.001290 0.001290 0.001290 0.003011 0.006882 0.001720 0.000860 0.000000 0.001720
0.004731 0.000860 0.000860 0.001290 0.003441 0.007312 0.001290 0.000860 0.000000 0.002151
0.004731 0.002151 0.000860 0.001290 0.003871 0.008172 0.001290 0.000430 0.000000 0.002151
0.003441 0.003011 0.000000 0.001720 0.003871 0.006022 0.003011 0.000430 0.000000 0.001720
0.003011 0.003441 0.000430 0.003011 0.004731 0.007742 0.001720 0.000430 0.000000 0.001290
0.004301 0.003441 0.000860 0.003011 0.005161 0.007742 0.000430 0.000860 0.000000 0.001720
0.006452 0.003011 0.000000 0.002581 0.006022 0.009462 0.000860 0.000860 0.000000 0.002151
0.007312 0.004301 0.000000 0.003011 0.007742 0.009462 0.001290 0.001290 0.000000 0.002581
0.008172 0.005161 0.000860 0.003011 0.008602 0.008172 0.000430 0.000430 0.000000 0.003011
0.009892 0.004731 0.000860 0.003011 0.013333 0.008172 0.001290 0.000430 0.000000 0.002581
0.010753 0.004731 0.000860 0.003011 0.016344 0.009462 0.001290 0.000000 0.000000 0.003011
0.010323 0.006882 0.000860 0.003011 0.019355 0.009462 0.000000 0.000000 0.000000 0.004301
0.013763 0.006452 0.000860 0.002581 0.019355 0.011613 0.000860 0.000430 0.000000 0.002151
0.017634 0.010753 0.000430 0.003011 0.024086 0.011613 0.002151 0.001720 0.000860 0.003011
0.017204 0.012473 0.001290 0.003871 0.026667 0.015484 0.001720 0.000430 0.000430 0.001720
0.021935 0.021935 0.002151 0.007312 0.030968 0.024946 0.001720 0.001290 0.000430 0.006022
0.024946 0.030968 0.001290 0.006022 0.039140 0.024946 0.002581 0.001720 0.000000 0.005591
0.026237 0.040860 0.002151 0.006882 0.045591 0.025806 0.003011 0.001720 0.000000 0.007742
0.025376 0.050323 0.002581 0.005161 0.049892 0.030108 0.004731 0.002581 0.001720 0.009462
0.027097 0.058495 0.001720 0.006022 0.061935 0.030538 0.006452 0.003011 0.000430 0.009462
0.029677 0.063656 0.003441 0.005161 0.065376 0.033548 0.009032 0.001290 0.000860 0.009462
0.032258 0.076989 0.002151 0.005161 0.085161 0.036559 0.010753 0.001720 0.000000 0.010753
0.033118 0.081720 0.000860 0.006882 0.091183 0.037849 0.014624 0.002581 0.001290 0.010753
0.037849 0.085161 0.001290 0.008172 0.098065 0.039570 0.016774 0.003871 0.000430 0.009462
0.040430 0.077419 0.003011 0.010753 0.107097 0.034409 0.020215 0.002581 0.000000 0.011183
0.039140 0.070968 0.002581 0.010323 0.128602 0.036989 0.026667 0.003441 0.000430 0.014194
0.040430 0.070968 0.002581 0.012473 0.131183 0.036989 0.029677 0.001720 0.000430 0.013763
0.036559 0.066667 0.000860 0.008602 0.207312 0.038710 0.033548 0.003011 0.000000 0.017634
0.040000 0.066237 0.001290 0.008172 0.226237 0.042581 0.040430 0.002151 0.000430 0.015054
0.044731 0.060215 0.001290 0.011613 0.238280 0.043441 0.036559 0.000860 0.000860 0.014624
0.046882 0.049462 0.001720 0.011613 0.276129 0.040000 0.036559 0.001290 0.000430 0.015914
0.048602 0.047312 0.001720 0.010753 0.276129 0.039140 0.040860 0.001720 0.000430 0.023226
0.048602 0.046882 0.000860 0.013763 0.282581 0.037419 0.037849 0.003441 0.000000 0.023226
0.055054 0.041290 0.001290 0.015914 0.311828 0.035699 0.037849 0.005591 0.000430 0.030538
0.052903 0.032258 0.001720 0.018065 0.342366 0.036129 0.031398 0.004301 0.000430 0.030538
0.055914 0.025376 0.001720 0.017634 0.369892 0.032688 0.024516 0.003441 0.000430 0.030538
0.061075 0.020645 0.001290 0.018065 0.383226 0.025376 0.025376 0.002581 0.001290 0.024516
0.060645 0.017634 0.001720 0.016774 0.409032 0.026237 0.022796 0.002151 0.000430 0.029247
0.063656 0.016774 0.000860 0.015054 0.441290 0.023656 0.019355 0.003011 0.000860 0.024086
0.061075 0.010753 0.000860 0.015054 0.473548 0.020215 0.014624 0.003871 0.000860 0.023656
0.057204 0.009462 0.000430 0.013763 0.503656 0.019355 0.013333 0.005161 0.001720 0.022366
0.061075 0.008172 0.000430 0.014194 0.523871 0.014624 0.007312 0.003871 0.001720 0.021505
0.059785 0.007742 0.000430 0.015914 0.525161 0.016344 0.008172 0.004301 0.001290 0.019785
0.060215 0.005591 0.000000 0.012043 0.525591 0.017204 0.006882 0.001720 0.000430 0.015484
0.055484 0.006022 0.000430 0.011183 0.526452 0.015914 0.005591 0.001720 0.001720 0.018495
0.038710 0.006022 0.000000 0.011613 0.482581 0.016344 0.005161 0.003011 0.001720 0.024086
0.036559 0.005161 0.000000 0.010753 0.468387 0.014194 0.005161 0.001720 0.000000 0.021505
0.035699 0.004301 0.000000 0.009032 0.457204 0.010323 0.003871 0.003011 0.000000 0.019785
0.032688 0.003441 0.000000 0.005161 0.388817 0.011183 0.003871 0.003011 0.000430 0.015914
0.029677 0.002581 0.000000 0.003871 0.338925 0.008602 0.004301 0.000860 0.000860 0.019355
0.025806 0.002151 0.000000 0.002151 0.301075 0.008602 0.003871 0.001290 0.000860 0.015484
0.018925 0.002581 0.000000 0.001720 0.209892 0.010323 0.001720 0.002151 0.001290 0.014194
0.017204 0.002581 0.000000 0.002151 0.195699 0.009462 0.001720 0.000860 0.000000 0.008602
0.013763 0.002151 0.000000 0.001290 0.166452 0.008172 0.000860 0.000430 0.000000 0.010753
0.012473 0.001720 0.000000 0.001290 0.134624 0.007312 0.001720 0.000000 0.000000 0.008602
0.010753 0.000860 0.000000 0.000860 0.109247 0.006022 0.002581 0.001290 0.000000 0.008172
0.009892 0.000430 0.000000 0.000860 0.091613 0.004301 0.000860 0.000000 0.000000 0.006882
0.006452 0.000430 0.000000 0.000860 0.060215 0.003871 0.000430 0.000000 0.000000 0.004301
0.006882 0.000000 0.000000 0.000860 0.049892 0.002581 0.000430 0.000000 0.000430 0.003441
0.006022 0.000000 0.000000 0.000860 0.042581 0.002151 0.000860 0.000000 0.000430 0.001290
0.004731 0.000000 0.000000 0.000430 0.036129 0.001720 0.000430 0.000000 0.000000 0.000430
0.004731 0.000000 0.000000 0.000000 0.029677 0.000860 0.000430 0.000430 0.000000 0.000430
0.003441 0.000430 0.000000 0.000000 0.023226 0.001290 0.000430 0.000000 0.000000 0.000000
0.001290 0.000000 0.000000 0.000000 0.011613 0.000860 0.000000 0.000000 0.000000 0.000000
0.001290 0.000860 0.000000 0.000000 0.010753 0.000860 0.000000 0.000000 0.000000 0.000000
0.000860 0.000000 0.000000 0.000000 0.006882 0.000860 0.000000 0.000000 0.000000 0.000430
0.000430 0.000000 0.000000 0.000000 0.005161 0.000430 0.000000 0.000000 0.000000 0.000860
0.000430 0.000000 0.000000 0.000000 0.002151 0.000430 0.000000 0.000000 0.000000 0.000860
0.000430 0.000000 0.000000 0.000000 0.001720 0.000430 0.000000 0.000000 0.000000 0.000000
0.000430 0.000000 0.000000 0.000000 0.000860 0.000000 0.000000 0.000000 0.000000 0.000000
0.000430 0.000000 0.000000 0.000000 0.000860 0.000000 0.000000 0.000000 0.000000 0.000000
0.000430 0.000000 0.000000 0.000000 0.000430 0.000000 0.000000 0.000000 0.000000 0.000000
0.000430 0.000000 0.000000 0.000000 0.000430 0.000000 0.000000 0.000000 0.000000 0.000000
0.000000 0.000000 0.000000 0.000000 0.000000 0.000000 0.000000 0.000000 0.000000 0.000000
0.000000 0.000000 0.000000 0.000000 0.000860 0.000000 0.000000 0.000000 0.000000 0.000000
0.000000 0.000000 0.000000 0.000000 0.000860 0.000860 0.000000 0.000000 0.000000 0.000430
0.000000 0.000000 0.000000 0.000000 0.000860 0.000860 0.000000 0.000000 0.000000 0.000000
0.000000 0.000000 0.000000 0.000000 0.000860 0.000860 0.000000 0.000000 0.000000 0.000000
0.000000 0.000000 0.000000 0.000000 0.000860 0.000430 0.000000 0.000000 0.000000 0.000000
0.000000 0.000430 0.000000 0.000000 0.000430 0.000430 0.000000 0.000000 0.000000 0.000000
0.000000 0.000430 0.000000 0.000000 0.000000 0.000430 0.000000 0.000000 0.000000 0.000000
