# the different columns denote the different activities
# ie. using pc (1), preparing food (2), vacuum cleaning (3), ironing (4), watching tv (5),
# listening audio (6), doing the dishes (7), washing laundry (8), drying laundry (9) and 
# taking shower or bath (10).

0.000000 0.000000 0.000000 0.000000 0.001062 0.000000 0.000000 0.000000 0.000000 0.000000
0.000000 0.000000 0.000000 0.000000 0.001062 0.001062 0.000000 0.000000 0.000000 0.000000
0.000000 0.000000 0.000000 0.000000 0.001062 0.000000 0.000000 0.000000 0.000000 0.001062
0.000000 0.000000 0.000000 0.000000 0.001062 0.000000 0.000000 0.000000 0.000000 0.000000
0.000000 0.000000 0.000000 0.000000 0.001062 0.000000 0.000000 0.000000 0.000000 0.000000
0.000000 0.000000 0.000000 0.000000 0.002123 0.000000 0.000000 0.000000 0.000000 0.000000
0.000000 0.000000 0.000000 0.000000 0.003185 0.002123 0.000000 0.000000 0.000000 0.001062
0.000000 0.000000 0.000000 0.000000 0.002123 0.002123 0.000000 0.000000 0.000000 0.000000
0.000000 0.000000 0.000000 0.000000 0.002123 0.001062 0.000000 0.000000 0.000000 0.000000
0.000000 0.000000 0.000000 0.000000 0.002123 0.001062 0.000000 0.000000 0.000000 0.000000
0.000000 0.000000 0.000000 0.000000 0.002123 0.001062 0.000000 0.000000 0.000000 0.000000
0.000000 0.000000 0.000000 0.000000 0.002123 0.001062 0.000000 0.000000 0.000000 0.000000
0.000000 0.000000 0.000000 0.000000 0.002123 0.002123 0.001062 0.000000 0.000000 0.000000
0.000000 0.001062 0.000000 0.001062 0.002123 0.002123 0.001062 0.000000 0.000000 0.003185
0.000000 0.001062 0.000000 0.001062 0.001062 0.003185 0.001062 0.000000 0.000000 0.003185
0.000000 0.006369 0.000000 0.001062 0.001062 0.008493 0.002123 0.000000 0.000000 0.002123
0.000000 0.007431 0.000000 0.001062 0.001062 0.012739 0.001062 0.000000 0.000000 0.018047
0.000000 0.006369 0.000000 0.001062 0.001062 0.016985 0.001062 0.000000 0.001062 0.012739
0.000000 0.007431 0.000000 0.001062 0.002123 0.040340 0.000000 0.000000 0.000000 0.009554
0.000000 0.022293 0.000000 0.002123 0.005308 0.038217 0.000000 0.001062 0.000000 0.030786
0.002123 0.013800 0.000000 0.002123 0.008493 0.042463 0.000000 0.000000 0.000000 0.025478
0.003185 0.014862 0.000000 0.003185 0.006369 0.052017 0.000000 0.003185 0.001062 0.028662
0.004246 0.019108 0.000000 0.003185 0.007431 0.056263 0.003185 0.001062 0.001062 0.032909
0.005308 0.018047 0.000000 0.003185 0.011677 0.062633 0.006369 0.001062 0.000000 0.030786
0.008493 0.020170 0.000000 0.005308 0.013800 0.079618 0.007431 0.003185 0.000000 0.046709
0.009554 0.023355 0.001062 0.004246 0.012739 0.081741 0.004246 0.001062 0.000000 0.046709
0.010616 0.010616 0.001062 0.002123 0.013800 0.067941 0.008493 0.000000 0.000000 0.047771
0.012739 0.025478 0.002123 0.003185 0.014862 0.079618 0.011677 0.000000 0.000000 0.040340
0.011677 0.027601 0.002123 0.005308 0.014862 0.078556 0.018047 0.004246 0.000000 0.053079
0.016985 0.024416 0.003185 0.006369 0.015924 0.078556 0.015924 0.004246 0.001062 0.040340
0.015924 0.024416 0.006369 0.007431 0.020170 0.078556 0.021231 0.005308 0.001062 0.040340
0.012739 0.019108 0.005308 0.015924 0.025478 0.082803 0.016985 0.005308 0.001062 0.045648
0.011677 0.019108 0.006369 0.016985 0.027601 0.080679 0.014862 0.004246 0.001062 0.048832
0.014862 0.013800 0.004246 0.016985 0.025478 0.066879 0.018047 0.003185 0.001062 0.044586
0.015924 0.012739 0.005308 0.014862 0.031847 0.066879 0.008493 0.007431 0.000000 0.045648
0.012739 0.011677 0.008493 0.014862 0.033970 0.060510 0.009554 0.005308 0.000000 0.038217
0.012739 0.019108 0.007431 0.014862 0.039278 0.054140 0.007431 0.003185 0.002123 0.028662
0.012739 0.022293 0.004246 0.013800 0.040340 0.053079 0.005308 0.005308 0.001062 0.027601
0.019108 0.014862 0.002123 0.011677 0.028662 0.058386 0.007431 0.006369 0.002123 0.027601
0.022293 0.019108 0.004246 0.018047 0.028662 0.060510 0.010616 0.005308 0.000000 0.022293
0.022293 0.019108 0.006369 0.013800 0.035032 0.058386 0.008493 0.004246 0.000000 0.021231
0.018047 0.021231 0.005308 0.013800 0.033970 0.059448 0.008493 0.006369 0.000000 0.016985
0.013800 0.032909 0.005308 0.014862 0.038217 0.053079 0.004246 0.006369 0.000000 0.021231
0.016985 0.038217 0.006369 0.014862 0.041401 0.054140 0.010616 0.003185 0.000000 0.019108
0.019108 0.049894 0.004246 0.011677 0.045648 0.053079 0.011677 0.003185 0.001062 0.014862
0.018047 0.070064 0.003185 0.010616 0.046709 0.052017 0.007431 0.002123 0.001062 0.015924
0.013800 0.084926 0.001062 0.010616 0.044586 0.052017 0.006369 0.002123 0.001062 0.010616
0.016985 0.091295 0.001062 0.010616 0.043524 0.047771 0.009554 0.002123 0.000000 0.011677
0.019108 0.071125 0.002123 0.007431 0.043524 0.052017 0.007431 0.003185 0.000000 0.018047
0.019108 0.055202 0.004246 0.008493 0.046709 0.049894 0.007431 0.003185 0.001062 0.013800
0.015924 0.049894 0.002123 0.008493 0.048832 0.055202 0.013800 0.003185 0.001062 0.011677
0.009554 0.042463 0.001062 0.006369 0.056263 0.058386 0.024416 0.003185 0.001062 0.007431
0.009554 0.035032 0.002123 0.006369 0.059448 0.057325 0.033970 0.002123 0.000000 0.003185
0.013800 0.032909 0.002123 0.005308 0.066879 0.053079 0.042463 0.001062 0.000000 0.003185
0.016985 0.027601 0.001062 0.002123 0.100849 0.033970 0.029724 0.001062 0.001062 0.007431
0.018047 0.016985 0.002123 0.002123 0.100849 0.031847 0.032909 0.005308 0.001062 0.004246
0.012739 0.019108 0.002123 0.005308 0.099788 0.027601 0.024416 0.002123 0.001062 0.004246
0.012739 0.010616 0.001062 0.003185 0.075372 0.025478 0.020170 0.001062 0.001062 0.004246
0.012739 0.010616 0.001062 0.005308 0.045648 0.022293 0.023355 0.002123 0.000000 0.005308
0.012739 0.009554 0.002123 0.004246 0.035032 0.026539 0.023355 0.002123 0.000000 0.002123
0.011677 0.004246 0.002123 0.006369 0.032909 0.025478 0.019108 0.003185 0.000000 0.006369
0.013800 0.004246 0.003185 0.008493 0.031847 0.025478 0.010616 0.001062 0.000000 0.005308
0.009554 0.005308 0.001062 0.009554 0.027601 0.024416 0.008493 0.000000 0.001062 0.003185
0.008493 0.005308 0.002123 0.005308 0.025478 0.020170 0.006369 0.000000 0.000000 0.004246
0.009554 0.002123 0.001062 0.005308 0.022293 0.015924 0.005308 0.000000 0.000000 0.002123
0.007431 0.003185 0.002123 0.003185 0.022293 0.014862 0.005308 0.000000 0.000000 0.005308
0.010616 0.004246 0.000000 0.004246 0.020170 0.013800 0.001062 0.000000 0.000000 0.011677
0.010616 0.005308 0.000000 0.004246 0.022293 0.010616 0.001062 0.000000 0.000000 0.010616
0.009554 0.005308 0.000000 0.006369 0.022293 0.011677 0.000000 0.000000 0.000000 0.004246
0.008493 0.002123 0.000000 0.005308 0.019108 0.010616 0.000000 0.000000 0.000000 0.005308
0.007431 0.002123 0.000000 0.005308 0.022293 0.011677 0.000000 0.000000 0.000000 0.002123
0.006369 0.003185 0.000000 0.004246 0.021231 0.010616 0.000000 0.000000 0.000000 0.001062
0.004246 0.003185 0.001062 0.005308 0.016985 0.007431 0.000000 0.000000 0.000000 0.003185
0.004246 0.003185 0.001062 0.003185 0.018047 0.006369 0.000000 0.000000 0.000000 0.009554
0.009554 0.005308 0.001062 0.003185 0.024416 0.007431 0.001062 0.002123 0.000000 0.012739
0.009554 0.006369 0.001062 0.003185 0.024416 0.008493 0.001062 0.001062 0.000000 0.011677
0.006369 0.012739 0.000000 0.003185 0.030786 0.011677 0.002123 0.002123 0.000000 0.004246
0.008493 0.012739 0.000000 0.005308 0.032909 0.014862 0.002123 0.001062 0.000000 0.004246
0.008493 0.012739 0.000000 0.003185 0.028662 0.016985 0.001062 0.002123 0.000000 0.010616
0.011677 0.012739 0.000000 0.004246 0.029724 0.014862 0.000000 0.000000 0.001062 0.011677
0.010616 0.019108 0.000000 0.004246 0.026539 0.016985 0.001062 0.000000 0.001062 0.014862
0.010616 0.026539 0.000000 0.003185 0.024416 0.021231 0.001062 0.001062 0.000000 0.009554
0.013800 0.025478 0.001062 0.002123 0.030786 0.021231 0.002123 0.000000 0.000000 0.003185
0.015924 0.025478 0.001062 0.001062 0.038217 0.020170 0.003185 0.000000 0.000000 0.006369
0.012739 0.021231 0.000000 0.001062 0.033970 0.020170 0.004246 0.000000 0.000000 0.011677
0.012739 0.025478 0.000000 0.000000 0.036093 0.020170 0.006369 0.001062 0.000000 0.012739
0.008493 0.021231 0.002123 0.002123 0.045648 0.018047 0.004246 0.003185 0.000000 0.011677
0.011677 0.015924 0.000000 0.001062 0.044586 0.019108 0.002123 0.000000 0.000000 0.012739
0.010616 0.015924 0.000000 0.002123 0.048832 0.018047 0.004246 0.001062 0.001062 0.010616
0.009554 0.010616 0.000000 0.003185 0.040340 0.016985 0.009554 0.000000 0.000000 0.008493
0.008493 0.008493 0.000000 0.001062 0.043524 0.008493 0.005308 0.000000 0.000000 0.003185
0.008493 0.010616 0.000000 0.001062 0.041401 0.007431 0.008493 0.000000 0.000000 0.003185
0.005308 0.009554 0.001062 0.000000 0.042463 0.006369 0.007431 0.000000 0.000000 0.002123
0.006369 0.007431 0.001062 0.000000 0.050955 0.005308 0.004246 0.000000 0.000000 0.003185
0.007431 0.011677 0.001062 0.000000 0.048832 0.004246 0.005308 0.000000 0.000000 0.003185
0.005308 0.008493 0.000000 0.000000 0.052017 0.004246 0.004246 0.000000 0.000000 0.005308
0.004246 0.010616 0.000000 0.001062 0.055202 0.006369 0.004246 0.000000 0.000000 0.002123
0.005308 0.015924 0.000000 0.000000 0.069002 0.013800 0.005308 0.000000 0.000000 0.001062
0.003185 0.015924 0.000000 0.000000 0.075372 0.013800 0.003185 0.000000 0.000000 0.002123
0.003185 0.014862 0.000000 0.000000 0.084926 0.008493 0.005308 0.000000 0.001062 0.005308
0.003185 0.014862 0.001062 0.001062 0.083864 0.009554 0.005308 0.000000 0.001062 0.009554
0.004246 0.010616 0.001062 0.001062 0.087049 0.007431 0.005308 0.002123 0.000000 0.008493
0.007431 0.010616 0.000000 0.001062 0.104034 0.007431 0.004246 0.001062 0.000000 0.007431
0.008493 0.012739 0.000000 0.002123 0.123142 0.007431 0.006369 0.002123 0.000000 0.006369
0.009554 0.006369 0.000000 0.002123 0.151805 0.009554 0.007431 0.000000 0.002123 0.006369
0.012739 0.009554 0.000000 0.005308 0.169851 0.009554 0.005308 0.000000 0.000000 0.008493
0.014862 0.007431 0.000000 0.005308 0.182590 0.009554 0.005308 0.001062 0.000000 0.010616
0.015924 0.005308 0.000000 0.003185 0.188960 0.014862 0.008493 0.001062 0.000000 0.013800
0.012739 0.002123 0.000000 0.002123 0.185775 0.007431 0.007431 0.001062 0.000000 0.015924
0.013800 0.002123 0.000000 0.002123 0.197452 0.009554 0.005308 0.003185 0.000000 0.020170
0.013800 0.004246 0.000000 0.002123 0.213376 0.011677 0.004246 0.005308 0.000000 0.013800
0.013800 0.001062 0.000000 0.000000 0.220807 0.010616 0.004246 0.002123 0.000000 0.019108
0.014862 0.002123 0.000000 0.000000 0.222930 0.011677 0.001062 0.000000 0.000000 0.013800
0.015924 0.003185 0.000000 0.001062 0.218684 0.009554 0.000000 0.000000 0.000000 0.014862
0.013800 0.002123 0.000000 0.000000 0.160297 0.007431 0.000000 0.001062 0.000000 0.019108
0.012739 0.000000 0.000000 0.000000 0.153928 0.008493 0.000000 0.000000 0.000000 0.021231
0.011677 0.000000 0.000000 0.001062 0.144374 0.009554 0.001062 0.000000 0.000000 0.021231
0.007431 0.000000 0.000000 0.000000 0.118896 0.007431 0.001062 0.001062 0.000000 0.013800
0.006369 0.000000 0.000000 0.000000 0.097665 0.005308 0.000000 0.000000 0.000000 0.011677
0.005308 0.000000 0.000000 0.000000 0.081741 0.004246 0.000000 0.001062 0.000000 0.010616
0.004246 0.000000 0.000000 0.000000 0.057325 0.004246 0.000000 0.000000 0.000000 0.008493
0.006369 0.000000 0.000000 0.001062 0.040340 0.003185 0.001062 0.001062 0.000000 0.009554
0.004246 0.000000 0.000000 0.001062 0.036093 0.002123 0.001062 0.003185 0.000000 0.004246
0.002123 0.000000 0.000000 0.000000 0.024416 0.000000 0.000000 0.000000 0.000000 0.005308
0.003185 0.000000 0.000000 0.000000 0.018047 0.000000 0.000000 0.001062 0.000000 0.001062
0.003185 0.000000 0.000000 0.000000 0.015924 0.000000 0.000000 0.001062 0.000000 0.002123
0.001062 0.000000 0.000000 0.000000 0.004246 0.000000 0.000000 0.000000 0.000000 0.001062
0.001062 0.001062 0.000000 0.000000 0.003185 0.001062 0.000000 0.000000 0.000000 0.001062
0.002123 0.000000 0.000000 0.000000 0.003185 0.000000 0.000000 0.000000 0.000000 0.000000
0.002123 0.000000 0.000000 0.000000 0.002123 0.000000 0.000000 0.000000 0.000000 0.001062
0.002123 0.000000 0.000000 0.000000 0.001062 0.000000 0.000000 0.000000 0.000000 0.001062
0.001062 0.000000 0.000000 0.000000 0.001062 0.000000 0.000000 0.000000 0.000000 0.000000
0.001062 0.000000 0.000000 0.000000 0.000000 0.000000 0.000000 0.000000 0.000000 0.000000
0.001062 0.000000 0.000000 0.000000 0.000000 0.000000 0.000000 0.000000 0.000000 0.000000
0.001062 0.000000 0.000000 0.000000 0.000000 0.000000 0.000000 0.000000 0.000000 0.000000
0.001062 0.000000 0.000000 0.000000 0.000000 0.000000 0.000000 0.000000 0.000000 0.000000
0.001062 0.000000 0.000000 0.000000 0.000000 0.000000 0.000000 0.000000 0.000000 0.000000
0.000000 0.000000 0.000000 0.000000 0.000000 0.000000 0.000000 0.000000 0.000000 0.000000
0.000000 0.000000 0.000000 0.000000 0.000000 0.000000 0.000000 0.000000 0.000000 0.000000
0.000000 0.000000 0.000000 0.000000 0.000000 0.000000 0.000000 0.000000 0.000000 0.000000
0.000000 0.000000 0.000000 0.000000 0.000000 0.000000 0.000000 0.000000 0.000000 0.000000
0.000000 0.000000 0.000000 0.000000 0.000000 0.000000 0.000000 0.000000 0.000000 0.000000
0.000000 0.000000 0.000000 0.000000 0.000000 0.000000 0.000000 0.000000 0.000000 0.000000
0.000000 0.000000 0.000000 0.000000 0.000000 0.000000 0.000000 0.000000 0.000000 0.000000
