############################################################################
# Occupancy Transition Matrices for Pattern 1                              
#                                                                          
# note: contains three 48x3 matrices                                       
#       rows   = time-bin 1 to 48                                          
#		         (each time-bin = 30 minutes)                              
#       column = cumulative percentage of probability for next state       
#				 column 1 = next state = 1 (="at home and awake")          
#				 column 2 = next state = 2 (="sleeping")                   
#				 column 3 = next state = 3 (="absent")                     
#		example  														   
#       If State 2 (="sleeping") ended during time-bin 7 (between 7AM and  
#                 7:30AM)  the probability that the next state will be     
#                  - State 1 (="at home and awake") is 97.98%			   
#				   - State 3 (="absent") is 2.02%						   
############################################################################

# Current State = 1 ("at home and awake")
0.000000 0.307692 1.000000
0.000000 0.216216 1.000000
0.000000 0.188679 1.000000
0.000000 0.092784 1.000000
0.000000 0.056818 1.000000
0.000000 0.024390 1.000000
0.000000 0.040000 1.000000
0.000000 0.017143 1.000000
0.000000 0.006536 1.000000
0.000000 0.000000 1.000000
0.000000 0.000000 1.000000
0.000000 0.000000 1.000000
0.000000 0.000000 1.000000
0.000000 0.000000 1.000000
0.000000 0.030303 1.000000
0.000000 0.058824 1.000000
0.000000 0.043478 1.000000
0.000000 0.107143 1.000000
0.000000 0.100000 1.000000
0.000000 0.071429 1.000000
0.000000 0.133333 1.000000
0.000000 0.045455 1.000000
0.000000 0.146341 1.000000
0.000000 0.032258 1.000000
0.000000 0.107143 1.000000
0.000000 0.034483 1.000000
0.000000 0.107143 1.000000
0.000000 0.036364 1.000000
0.000000 0.028169 1.000000
0.000000 0.025974 1.000000
0.000000 0.011111 1.000000
0.000000 0.000000 1.000000
0.000000 0.019231 1.000000
0.000000 0.261905 1.000000
0.000000 0.685714 1.000000
0.000000 0.741935 1.000000
0.000000 0.921986 1.000000
0.000000 0.932927 1.000000
0.000000 0.985075 1.000000
0.000000 0.977444 1.000000
0.000000 0.990385 1.000000
0.000000 1.000000 1.000000
0.000000 0.978261 1.000000
0.000000 0.961538 1.000000
0.000000 0.928571 1.000000
0.000000 0.904762 1.000000
0.000000 1.000000 1.000000
0.000000 0.750000 1.000000

# Current State = 2 ("sleeping")
0.828571 0.828571 1.000000
0.974026 0.974026 1.000000
0.962264 0.962264 1.000000
0.973214 0.973214 1.000000
0.988571 0.988571 1.000000
0.982759 0.982759 1.000000
0.979899 0.979899 1.000000
0.962963 0.962963 1.000000
0.979167 0.979167 1.000000
0.857143 0.857143 1.000000
0.973684 0.973684 1.000000
0.933333 0.933333 1.000000
0.750000 0.750000 1.000000
1.000000 1.000000 1.000000
1.000000 1.000000 1.000000
1.000000 1.000000 1.000000
0.000000 0.000000 1.000000
1.000000 1.000000 1.000000
1.000000 1.000000 1.000000
1.000000 1.000000 1.000000
0.000000 0.000000 1.000000
0.333333 0.333333 1.000000
1.000000 1.000000 1.000000
0.500000 0.500000 1.000000
1.000000 1.000000 1.000000
1.000000 1.000000 1.000000
1.000000 1.000000 1.000000
1.000000 1.000000 1.000000
1.000000 1.000000 1.000000
0.750000 0.750000 1.000000
1.000000 1.000000 1.000000
1.000000 1.000000 1.000000
1.000000 1.000000 1.000000
1.000000 1.000000 1.000000
1.000000 1.000000 1.000000
1.000000 1.000000 1.000000
1.000000 1.000000 1.000000
1.000000 1.000000 1.000000
1.000000 1.000000 1.000000
1.000000 1.000000 1.000000
1.000000 1.000000 1.000000
1.000000 1.000000 1.000000
1.000000 1.000000 1.000000
0.833333 0.833333 1.000000
1.000000 1.000000 1.000000
1.000000 1.000000 1.000000
0.875000 0.875000 1.000000
1.000000 1.000000 1.000000

# Current State = 3 ("absent")
0.333333 1.000000 1.000000
0.000000 1.000000 1.000000
0.000000 1.000000 1.000000
0.500000 1.000000 1.000000
0.714286 1.000000 1.000000
0.500000 1.000000 1.000000
0.857143 1.000000 1.000000
0.875000 1.000000 1.000000
1.000000 1.000000 1.000000
0.777778 1.000000 1.000000
0.923077 1.000000 1.000000
0.954545 1.000000 1.000000
1.000000 1.000000 1.000000
1.000000 1.000000 1.000000
1.000000 1.000000 1.000000
1.000000 1.000000 1.000000
1.000000 1.000000 1.000000
1.000000 1.000000 1.000000
1.000000 1.000000 1.000000
0.967742 1.000000 1.000000
1.000000 1.000000 1.000000
0.982759 1.000000 1.000000
1.000000 1.000000 1.000000
1.000000 1.000000 1.000000
1.000000 1.000000 1.000000
1.000000 1.000000 1.000000
1.000000 1.000000 1.000000
1.000000 1.000000 1.000000
1.000000 1.000000 1.000000
1.000000 1.000000 1.000000
1.000000 1.000000 1.000000
1.000000 1.000000 1.000000
1.000000 1.000000 1.000000
1.000000 1.000000 1.000000
1.000000 1.000000 1.000000
0.986111 1.000000 1.000000
0.954023 1.000000 1.000000
0.907895 1.000000 1.000000
0.878049 1.000000 1.000000
0.859375 1.000000 1.000000
0.780000 1.000000 1.000000
0.714286 1.000000 1.000000
0.750000 1.000000 1.000000
0.681818 1.000000 1.000000
0.647059 1.000000 1.000000
0.600000 1.000000 1.000000
0.642857 1.000000 1.000000
0.461538 1.000000 1.000000
