############################################################################
# Occupancy Transition Matrices for Pattern 6                              
#                                                                              
# note: contains three 48x3 matrices                                       
#       rows   = time-bin 1 to 48                                          
#		         (each time-bin = 30 minutes)                              
#       column = cumulative percentage of probability for next state       
#				 column 1 = next state = 1 (="at home and awake")          
#				 column 2 = next state = 2 (="sleeping")                   
#				 column 3 = next state = 3 (="absent")                     
#		example  														   
#       If State 2 (="sleeping") ended during time-bin 7 (between 7AM and  
#                 7:30AM)  the probability that the next state will be     
#                  - State 1 (="at home and awake") is 99.40%			   
#				   - State 3 (="absent") is 0.60%						   
############################################################################

# Current State = 1 ("at home and awake")
0.000000 1.000000 1.000000
0.000000 1.000000 1.000000
0.000000 0.888889 1.000000
0.000000 1.000000 1.000000
0.000000 0.909091 1.000000
0.000000 0.600000 1.000000
0.000000 0.392857 1.000000
0.000000 0.093750 1.000000
0.000000 0.061224 1.000000
0.000000 0.010526 1.000000
0.000000 0.010753 1.000000
0.000000 0.023810 1.000000
0.000000 0.010989 1.000000
0.000000 0.000000 1.000000
0.000000 0.011765 1.000000
0.000000 0.018868 1.000000
0.000000 0.018519 1.000000
0.000000 0.022727 1.000000
0.000000 0.031250 1.000000
0.000000 0.102564 1.000000
0.000000 0.019417 1.000000
0.000000 0.036145 1.000000
0.000000 0.035088 1.000000
0.000000 0.020408 1.000000
0.000000 0.000000 1.000000
0.000000 0.055556 1.000000
0.000000 0.022727 1.000000
0.000000 0.017857 1.000000
0.000000 0.029412 1.000000
0.000000 0.000000 1.000000
0.000000 0.000000 1.000000
0.000000 0.000000 1.000000
0.000000 0.022727 1.000000
0.000000 0.096774 1.000000
0.000000 0.357143 1.000000
0.000000 0.631579 1.000000
0.000000 0.904255 1.000000
0.000000 0.989474 1.000000
0.000000 0.994536 1.000000
0.000000 0.994382 1.000000
0.000000 1.000000 1.000000
0.000000 1.000000 1.000000
0.000000 0.977778 1.000000
0.000000 1.000000 1.000000
0.000000 0.800000 1.000000
0.000000 1.000000 1.000000
0.000000 1.000000 1.000000
0.000000 1.000000 1.000000

# Current State = 2 ("sleeping")
1.000000 1.000000 1.000000
1.000000 1.000000 1.000000
1.000000 1.000000 1.000000
1.000000 1.000000 1.000000
1.000000 1.000000 1.000000
1.000000 1.000000 1.000000
0.993976 0.993976 1.000000
0.981928 0.981928 1.000000
0.994845 0.994845 1.000000
1.000000 1.000000 1.000000
0.989796 0.989796 1.000000
0.974359 0.974359 1.000000
1.000000 1.000000 1.000000
1.000000 1.000000 1.000000
1.000000 1.000000 1.000000
1.000000 1.000000 1.000000
1.000000 1.000000 1.000000
1.000000 1.000000 1.000000
1.000000 1.000000 1.000000
0.750000 0.750000 1.000000
0.800000 0.800000 1.000000
0.500000 0.500000 1.000000
1.000000 1.000000 1.000000
1.000000 1.000000 1.000000
1.000000 1.000000 1.000000
1.000000 1.000000 1.000000
1.000000 1.000000 1.000000
0.000000 0.000000 1.000000
1.000000 1.000000 1.000000
0.800000 0.800000 1.000000
1.000000 1.000000 1.000000
1.000000 1.000000 1.000000
1.000000 1.000000 1.000000
1.000000 1.000000 1.000000
1.000000 1.000000 1.000000
0.000000 0.000000 1.000000
1.000000 1.000000 1.000000
1.000000 1.000000 1.000000
1.000000 1.000000 1.000000
1.000000 1.000000 1.000000
1.000000 1.000000 1.000000
1.000000 1.000000 1.000000
1.000000 1.000000 1.000000
1.000000 1.000000 1.000000
1.000000 1.000000 1.000000
1.000000 1.000000 1.000000
1.000000 1.000000 1.000000
1.000000 1.000000 1.000000

# Current State = 3 ("absent")
1.000000 1.000000 1.000000
0.750000 1.000000 1.000000
0.250000 1.000000 1.000000
1.000000 1.000000 1.000000
0.500000 1.000000 1.000000
1.000000 1.000000 1.000000
1.000000 1.000000 1.000000
1.000000 1.000000 1.000000
0.916667 1.000000 1.000000
1.000000 1.000000 1.000000
0.967742 1.000000 1.000000
1.000000 1.000000 1.000000
1.000000 1.000000 1.000000
1.000000 1.000000 1.000000
1.000000 1.000000 1.000000
1.000000 1.000000 1.000000
1.000000 1.000000 1.000000
1.000000 1.000000 1.000000
1.000000 1.000000 1.000000
1.000000 1.000000 1.000000
1.000000 1.000000 1.000000
1.000000 1.000000 1.000000
0.933333 1.000000 1.000000
0.969697 1.000000 1.000000
0.980769 1.000000 1.000000
1.000000 1.000000 1.000000
1.000000 1.000000 1.000000
1.000000 1.000000 1.000000
1.000000 1.000000 1.000000
1.000000 1.000000 1.000000
1.000000 1.000000 1.000000
1.000000 1.000000 1.000000
1.000000 1.000000 1.000000
1.000000 1.000000 1.000000
0.944444 1.000000 1.000000
0.990099 1.000000 1.000000
0.914286 1.000000 1.000000
0.936364 1.000000 1.000000
0.813008 1.000000 1.000000
0.821918 1.000000 1.000000
0.645570 1.000000 1.000000
0.736842 1.000000 1.000000
0.619048 1.000000 1.000000
0.800000 1.000000 1.000000
1.000000 1.000000 1.000000
1.000000 1.000000 1.000000
0.000000 1.000000 1.000000
1.000000 1.000000 1.000000
